581
8032
6788
5466
7014
3687
3781
7405
6417
2159
9137
2035
7271
1778
9008
9704
6126
7580
4729
4921
328
1075
4912
4458
7064
910
8188
7635
3897
2139
2924
8011
8478
5329
1050
6967
300
7315
1141
1639
5953
5467
7286
3575
9219
3570
697
4987
7561
9443
92
564
8793
361
8473
9505
3119
2329
8402
6103
5498
6145
3507
4278
9234
1125
3557
1941
728
2041
9404
8810
6438
3090
8967
4861
3788
1336
5238
3494
213
3200
73
4454
2047
2360
9217
8116
6856
1544
3847
7970
8913
5038
6140
9808
1960
3008
4340
8093
12
8755
4259
5520
39
1281
4125
5702
1394
3612
5717
1783
7091
4907
5890
2298
6072
9053
2231
6874
1908
5441
5085
9184
8193
1433
9896
1400
6950
9159
2900
779
6996
7144
3482
1457
8941
4552
4415
765
8234
3515
6721
3243
5826
2064
879
4006
9147
3842
3735
2907
776
7466
6185
4571
3670
5074
7326
8606
1385
2725
8752
2235
711
4937
4786
9946
1425
4432
3356
1519
4638
1466
8639
8392
8719
1841
3357
6129
553
2252
3108
5423
9993
3
9529
959
8910
7787
3866
7225
5808
9379
5508
4763
4485
2531
888
7277
933
2581
4714
485
2215
8268
9310
8826
7793
5851
1828
1717
1196
8052
5495
472
5643
6811
717
4934
5257
8987
2514
6645
9489
4293
8829
2086
3130
3629
4233
9309
2468
8852
9619
3308
7538
2622
3208
1724
692
703
3166
3059
5959
2149
6028
7756
3884
5036
9119
7674
1814
5954
2020
1946
66
8069
996
7921
9439
7223
5696
4163
1617
2518
9249
2344
8432
2186
2934
3021
3603
8992
4242
4554
5821
9455
685
7340
8264
1072
8201
8094
4509
6559
7495
6514
6832
7673
3241
9469
1626
5286
2285
3468
5006
9002
1441
3440
3684
9323
1698
2102
6098
4070
2821
1711
7465
6125
611
7383
3655
9656
8366
9022
7601
9653
5058
5022
2734
5511
759
8944
3464
8317
6707
773
9547
6818
8014
7245
4440
4580
1749
6503
5992
8411
2489
4674
4802
9366
1548
2630
5629
3918
4446
9348
6382
8418
165
8173
8564
2754
8637
4703
5752
6113
938
7918
9306
2597
137
9215
5076
6617
1609
1242
2569
348
7932
6144
9211
6313
1378
3423
2688
2789
6327
2141
7470
1631
8827
4274
6407
3185
3749
7354
3707
6736
8561
3863
1447
2241
32
1948
552
7301
1927
5795
8105
3813
2232
2028
9353
6440
7259
1280
3064
3323
4611
5776
1836
966
1310
4940
8669
3432
8769
4255
7535
5832
1787
4068
4696
6969
6281
9429
4668
2135
5488
4399
6346
9364
7817
757
4378
3831
7309
95
2427
3671
5237
9252
5671
405
9066
637
3814
1883
3868
3158
1540
570
7981
6282
8164
7331
2383
159
7829
6611
929
7835
212
9430
2471
3148
2898
4290
9600
1459
4160
5107
2160
6549
4815
9025
6564
7214
8792
853
252
1619
1240
4806
9836
4474
3877
7047
7150
2265
5815
2742
7401
9040
6240
7933
5918
84
915
7592
4268
1699
7379
5463
5820
9732
3348
8305
5819
2944
9037
5758
677
6216
8971
4623
3678
3311
6078
9021
7242
8152
4309
1894
9292
9417
9148
5775
2785
8631
1295
8707
9937
2659
7351
9541
7426
3330
4016
4742
528
8742
5628
4205
3228
56
2065
1185
68
1616
4254
2606
4005
349
6115
7389
5485
6170
6402
584
7573
7188
1648
329
8017
8864
7197
347
9295
8492
8500
2524
104
8666
9235
7352
7963
5706
1168
4376
8689
4702
8043
2309
1235
2151
1940
7159
7613
4158
2954
3222
8440
2556
2899
4236
4048
2320
638
4419
3906
3310
2669
3401
1848
3591
7284
6819
6934
9050
2621
1867
4351
2811
2959
5627
7776
5707
7629
7279
5256
3187
1682
7178
5537
5278
4083
7548
5766
4999
3304
5642
5067
6749
469
5379
2032
4642
460
7644
4866
5121
225
8563
1536
1087
8870
9597
6459
8340
4691
3359
9162
719
1628
5491
7863
6570
9507
9736
1052
1935
5746
6978
6799
7602
2342
3594
3134
5247
9984
2412
135
2962
3118
5641
4450
6408
8455
7950
8494
8539
4963
951
1708
7586
9750
3750
6541
6778
3890
8136
5129
8289
2817
4558
4287
1268
3286
2017
3677
3325
3093
4706
946
9027
8509
9849
3413
162
1785
2557
3396
782
6027
5090
15
2591
3829
7053
6356
1356
7282
6066
4673
301
1083
5139
5168
5933
4817
5214
1870
6244
762
8559
1993
5241
6691
3365
3728
7084
3343
1511
4893
8530
9196
1253
694
8187
6623
1736
2858
3663
2961
3083
8207
8766
3250
5884
7739
8181
8911
9782
4328
1455
597
8587
362
2990
7628
4764
3938
9780
8266
2552
3886
4473
7745
8194
8245
134
3386
7098
5598
7034
7924
115
8706
1199
7491
3771
6711
3123
8747
4868
9797
96
6260
3978
4108
9724
8406
3302
9941
6214
2284
1135
1410
8106
9545
9936
8777
6396
7229
5857
1687
1553
2438
2874
8922
3564
6447
783
3069
5142
3804
6097
4089
4377
8145
1934
4266
6025
5292
7374
7191
5607
7092
1710
7831
7570
9789
9385
4226
6774
4346
2351
7638
3939
8409
8047
3822
1103
5186
4529
3277
7623
233
4798
2409
6186
7046
7033
9960
7611
5670
2751
9855
6079
4460
5043
1351
3774
7061
6557
6294
796
1453
8458
149
5967
97
8111
3162
839
4096
9568
5374
2294
9300
1645
523
2756
9425
6615
1104
1594
1247
7783
5273
2330
3586
6060
3834
754
1065
4002
955
7727
6896
9862
9499
2507
1912
341
9097
705
2166
1427
3398
828
1018
7636
5190
9201
206
674
4875
3637
6511
5017
7102
7005
8
7880
8502
1434
8291
8345
3917
3626
1690
9562
7116
8597
9682
905
2025
6176
1624
1420
1666
2661
3006
8580
1124
8748
4800
748
7052
2021
7428
3351
4481
5404
333
7878
594
9270
3874
3081
9481
7201
9328
8073
2825
6593
9519
8649
8699
2012
3998
271
7378
2686
3491
7596
6864
1605
4261
6210
2634
3192
4774
572
4146
5581
2354
7546
8584
3180
5805
407
506
8298
2155
5281
3321
5416
8261
1129
963
908
61
8578
3216
6584
383
2616
5595
5066
1863
190
4744
8727
4502
9657
7544
4766
1260
9863
9079
531
8210
6149
8461
8284
8844
7949
1504
2228
511
5568
2364
5770
7162
3099
563
209
5340
8643
8108
8754
536
2719
3899
203
716
6363
9703
2715
197
9784
4137
6052
2173
9335
4155
7311
6221
3913
8685
1172
878
8216
8934
753
3887
381
1667
696
7983
4523
150
971
1776
3429
4561
8081
3086
7232
5141
2525
1151
314
5784
8227
9717
4989
3763
9118
9422
7581
9658
4503
4965
9449
1871
334
9006
4731
5674
9633
3165
4275
4499
5906
9594
9229
3135
6680
3544
8646
9727
7901
3149
2526
4169
5392
7903
4288
5421
4195
8015
8925
9595
1214
6897
445
3518
6419
4640
6150
5061
489
7857
6814
3668
5983
8048
5878
8935
9931
6602
1816
6923
7702
4942
6792
4717
9646
270
4212
80
6484
6980
9998
598
1921
9783
3098
5127
3307
3260
6998
7464
4902
46
7474
1416
9420
7372
5259
8084
2323
7779
3511
1954
3653
8800
6773
4370
1938
3444
5360
876
6815
3070
4061
8265
2779
3807
3341
9458
8974
40
6746
7243
8229
849
6840
5946
4820
8400
4657
2219
8889
8410
7828
9445
6326
6534
8890
5060
4020
3366
897
9169
659
5359
9106
2890
1452
1460
8981
2250
4536
1914
6906
1557
8543
3521
5098
7497
539
5604
6219
4595
4181
5651
437
3334
7480
89
4451
9757
5438
5608
9143
7576
9883
5489
7733
3056
3368
6940
5675
9258
6639
3873
5913
2538
4769
7990
5368
9961
6522
2826
2950
6063
4164
9708
9555
3972
1371
4530
3203
8928
2770
9329
4973
8659
7365
4441
7171
8664
543
5337
7542
1777
2710
2099
9082
9796
8916
2781
3850
4626
521
5719
5780
9063
3500
9395
5569
1145
6054
9827
4945
3142
9330
7336
2596
2080
5655
6628
2407
725
6622
7931
4145
8759
1261
9272
5447
3407
7895
6147
8920
2940
2251
8301
940
3095
9397
9283
7714
1381
7587
2914
2768
1745
7199
6835
7126
7221
2218
9795
9096
7849
4918
4740
8134
6296
5697
2647
1932
8798
4222
8504
5344
6390
4295
1140
7879
3533
3009
1442
8908
1099
2764
8346
3702
6207
1059
9020
2484
4656
3843
4401
3382
6199
9641
6798
3699
6635
5781
8034
7158
6378
6660
2904
5695
9247
3688
9209
8353
188
6750
2154
3568
9787
9793
1995
6439
872
9777
6020
688
2546
683
912
8237
6735
3126
5605
2089
125
7041
3303
5364
9773
8010
3275
6302
7651
1228
2631
9854
7004
1704
196
4908
8256
4634
3062
6882
5976
1992
755
1010
6952
9899
3547
3685
6548
1478
9010
9667
4953
3136
4513
2744
4385
8891
3032
9683
2308
8382
9730
7605
4610
8218
4807
3894
6293
4609
8763
1057
3376
2755
3965
4680
1152
843
7059
9400
8253
120
317
2496
8446
2627
8936
8843
8877
5576
2450
5116
3374
3888
1825
899
1239
3456
9368
1630
5002
1156
7539
2394
854
7550
8818
6554
850
8710
1398
1353
8120
9001
6163
6136
3835
1081
3818
7749
5087
9103
8702
5726
3962
2862
5234
8501
7013
6664
948
865
2642
7306
7290
4827
1439
1386
25
4726
3740
3718
5767
2823
4735
5103
9620
8286
7812
4548
5898
2454
1812
8431
7991
2315
4186
7762
532
4243
1695
8873
1048
9007
9642
2431
7724
4961
2008
7095
2411
3765
1910
7043
3052
1408
4835
3448
9070
2782
5978
1523
1128
5862
4054
612
8644
5380
6823
1213
1520
7492
9803
6490
896
9904
6551
7630
7143
5100
7479
616
4344
287
4037
7772
2611
6194
3361
8016
9982
3838
8983
8822
5571
1282
7902
7855
6430
4017
7672
1270
9887
7343
3471
9905
9165
3156
5151
3395
877
2693
7179
841
8001
2019
8807
1231
7682
8508
981
7859
5324
8622
9775
713
9807
9346
5659
399
6693
4301
2706
3641
4860
4831
442
3116
5937
8391
441
6077
1573
8429
1566
5652
2463
7454
2204
8835
2490
2046
7227
4507
5375
2682
9794
3346
5131
1980
5294
8808
7824
3946
6399
7239
402
7864
6932
8180
2571
8202
9516
6883
8204
8195
1810
6414
3651
353
7760
8311
7217
6871
0
9592
2757
7827
8516
1054
4964
8433
4625
124
294
2362
7172
398
278
1743
6463
3315
2245
7273
170
4172
3593
6943
9479
2091
647
1625
8610
9149
6758
3230
9424
7184
535
6119
1288
8417
2283
7361
5473
6127
3555
7754
3672
9421
8499
363
4923
4110
5484
6342
794
4182
310
8562
1248
3519
8097
6165
9015
2985
4099
6275
2883
5176
4660
2118
4058
5173
3202
6506
425
7953
9188
650
6394
2671
3443
3039
3082
3206
9741
5885
7106
3720
6112
4512
57
8030
8738
5822
6436
4088
771
9747
9450
8804
7591
3727
3756
2357
9373
7125
4654
1269
4767
9778
4358
389
5777
7069
6005
5172
9116
1686
2130
2752
6250
2306
1900
3695
3588
798
4402
2150
2158
3349
5749
5514
7387
7312
4263
7468
1055
6657
41
4994
2677
8510
2738
2418
2069
227
6621
4348
4818
844
958
9537
6891
3969
5376
2208
8230
2428
1320
490
2157
7803
1796
4853
4218
6095
6208
6905
1017
5078
7016
8059
714
9731
1279
5521
7725
1165
6468
4725
577
7085
7833
5469
2566
1357
1916
6870
580
622
7851
9151
526
8139
6212
9940
9874
5909
4662
2476
682
1149
5798
8868
9325
9588
1335
9378
127
3640
3989
4814
8375
3137
4339
9660
3161
146
4829
9109
7790
3427
6370
7198
3025
2529
2477
267
702
1176
6618
5356
5559
3047
7545
992
4549
1244
9630
4211
5161
5711
9764
3074
9599
280
1296
9728
8430
9832
3367
2891
7721
9427
1669
6299
3231
8805
6900
9860
2937
2812
8196
3018
8350
2922
4100
113
2600
6486
7865
8160
1208
1487
3282
2930
2197
8970
974
2746
6785
1988
6131
1246
5743
4343
9769
1273
2348
7514
4723
6676
6179
1182
7128
1943
9552
5502
8506
8219
182
3038
9949
5875
890
1963
1411
1029
6456
9227
7969
8735
1354
8725
8390
7942
8859
8558
6253
6018
3846
802
7163
5189
7912
7810
9868
9640
8879
2282
5716
8267
7448
2447
5773
3217
5016
6340
9359
6209
6523
1391
9621
3102
8117
9263
4178
4543
4038
3146
914
3881
9510
6577
7869
290
7807
8072
7585
2216
4505
822
8552
4986
1683
246
1193
1924
1173
3410
2302
8099
6829
8339
5725
1100
816
45
1678
1961
37
8470
9413
1462
4495
4421
2925
3733
7438
3558
5944
9624
1316
5394
9655
432
5444
5282
1869
6406
3992
2692
5769
6646
5958
5318
78
1148
1340
9962
1136
504
3996
6648
1164
5925
3096
4493
9224
2395
6100
1221
7330
4600
6395
3630
4477
6720
5734
5503
9176
4991
2847
6290
2217
5981
8488
811
3007
8078
4280
5943
1232
8199
6545
4251
9858
5534
4008
8856
6547
4944
9869
7505
7276
913
6448
5660
2326
7376
8203
7006
6413
8972
4023
8214
319
8921
4149
2397
3580
8521
9189
1654
5645
983
3991
5035
9742
7272
6111
982
4784
4122
2093
1629
8619
5009
8906
3520
9995
9539
7838
2246
6561
9985
641
1431
6227
6023
5720
2446
1723
4793
14
9950
8335
2340
8460
9733
4188
9900
6120
7622
1700
77
9139
60
8525
9650
3816
3399
7080
998
3514
1249
391
2337
5367
370
6836
8604
3854
5059
571
1179
1535
9805
7536
5617
2372
4520
3809
4527
6580
2386
229
2073
977
7909
8951
4985
8736
4946
8484
9909
1851
4533
5750
785
6223
4079
2919
8880
6990
9844
6279
7782
4707
5302
3810
4258
5138
8296
5859
1989
6107
5586
2443
6589
7626
4863
5550
3023
9722
2501
8697
3505
3239
2229
4697
8832
3201
8038
6156
8942
3181
6099
6495
4926
1106
7971
7333
6437
400
8524
8653
5362
59
6770
7555
5580
1309
5561
6444
1899
6067
1162
3157
630
1527
8368
8620
6155
1315
8096
325
1363
7068
2838
3705
6043
2675
2171
8403
4790
5456
1387
3764
7948
9902
2936
9770
385
4550
5566
9206
8743
8674
7230
6779
4197
9376
9061
5118
7244
3332
1329
2227
537
7434
3164
8660
9928
4332
2376
3460
4131
3067
3319
8917
1362
3449
7353
3497
1464
8434
9024
704
3808
1607
7543
9847
2402
546
8815
4341
4228
2153
737
5245
5993
9042
6200
5881
1926
5979
7832
9072
8726
698
903
5686
1672
118
8888
2523
5524
3472
8528
4246
1046
2921
8537
9155
6319
7236
5998
833
2441
2445
4822
3529
8591
3775
6488
774
1662
5317
321
8655
6128
2034
2721
468
1635
9231
9004
7441
8676
4734
1835
2869
4700
7784
920
6849
4569
7537
297
9035
2697
6865
5729
624
499
3138
1108
3823
8112
1972
4412
4772
3186
4298
3577
1754
8938
1716
2536
6992
5414
6332
1558
4497
1551
1432
2871
807
3806
3502
6404
6817
8177
1595
727
9046
551
8138
5811
6507
8469
3662
3959
3650
7281
3758
8071
6663
63
3632
6806
9549
9326
2598
4139
540
1541
3964
9380
6921
158
8211
927
6725
484
6945
1286
2404
4151
9112
2736
7694
6839
3184
3091
4789
1177
9720
3999
5271
4966
4504
4282
9475
6786
6729
7122
5547
8323
4947
5735
3337
4136
8263
8788
193
3817
6388
1227
3957
831
5369
27
3211
6928
1454
5517
2440
8387
1811
7590
3592
7029
3565
3003
35
4951
653
931
7759
181
8882
3276
2595
5955
3665
1753
8513
1735
8806
5699
5748
6451
2603
8863
8939
2853
1112
4715
4119
5452
6747
2572
2979
9163
5791
7795
3924
691
5275
5051
6116
1011
2296
1119
2405
4904
5892
5156
9955
9522
3674
6461
3656
2664
8126
2553
4022
7037
4394
9199
6283
2059
9311
4650
6535
9956
157
8678
9533
3811
7928
556
6709
9811
7656
296
6791
3049
9304
2702
9668
6668
8238
656
6916
4727
237
1808
2717
6305
6477
421
5762
5728
2107
1417
3845
4397
6738
5996
5987
5267
6262
5345
3832
7821
6528
7574
7307
2865
5845
3155
3782
4900
952
6907
4864
1350
6369
7610
9441
6939
1521
8251
7525
2270
1012
8740
4969
5546
2408
8884
9776
1074
7556
9593
2527
1788
6516
2893
7490
2361
5387
2168
8898
8651
5904
6893
1414
9322
4832
9237
4459
5349
9354
8023
7738
1574
3479
4648
8812
2733
4959
3879
4631
4780
8650
8529
9477
6572
6071
6894
6504
1991
5710
1752
9387
6962
4760
8067
4350
9466
7962
7519
85
634
3170
5150
5813
6181
707
3384
7887
9277
2459
2038
6032
2027
6804
1727
5261
1850
3256
5263
5840
3294
4573
281
5313
4027
4716
1515
9052
5986
6259
8175
9495
4237
6762
5733
180
7161
2311
3434
7009
6235
2258
7906
6093
1979
3014
500
5991
8834
3291
8703
5975
3852
7308
7562
1023
701
4677
107
5631
6133
9871
1878
7706
5279
6794
7751
8881
5428
3963
6450
7516
1150
9369
649
6424
3864
1345
3869
3608
7459
8744
9701
8673
1234
7533
2700
9405
5846
6898
8621
723
8285
2040
5539
7318
2011
9791
6411
52
7729
6242
4285
2263
1368
4361
2687
8005
6606
5560
218
6022
7977
357
8007
2470
5700
2486
7274
9305
8330
1183
332
5448
1342
2261
9579
7481
1676
9743
1807
3583
1774
4201
8035
279
9983
6480
5321
1137
7252
4033
8122
8024
5242
4980
3932
185
4028
1344
8095
5980
2737
1734
8550
8086
6233
9933
7826
7665
2206
3080
4299
3858
395
9456
1893
6433
775
6826
1588
8507
5230
2184
5639
2584
9402
2906
5799
8493
2169
9250
198
4887
3036
923
139
7044
6308
486
5584
3280
9841
7458
8436
4645
973
22
1651
2325
642
174
5615
1688
3397
9098
4671
1448
7559
5153
4915
9303
9561
4993
1598
7524
3914
3013
9830
498
9496
4556
8797
4438
4021
2835
4515
8359
7051
9709
3196
4922
1326
6497
7409
1121
1080
5180
153
3320
1656
9073
4841
8228
1951
6784
5731
8407
1319
6355
476
6726
478
9981
9718
1888
4327
3958
2680
2587
8866
3527
2420
9377
8416
5593
4667
2203
4403
4633
1118
2365
9744
9286
2210
1481
7081
9190
2918
2827
142
6933
5839
4354
7292
9316
9835
9362
8975
503
1516
5545
8850
3535
1191
1064
6204
6915
1721
9358
2916
6982
695
7508
406
6876
3490
6039
3385
5487
3537
891
2887
6138
4797
1756
3389
9240
2614
7709
8125
6714
5911
8420
7575
7371
8355
6597
6752
2485
834
5477
9473
299
3690
3316
9526
7742
3731
6955
7718
5373
986
615
6690
2535
777
1079
8281
8045
7904
8405
7137
1580
2856
7317
8235
5590
4435
5134
1496
9973
9629
81
1379
1498
5350
7194
2783
7764
2912
2237
2495
8878
1622
9336
6594
4862
458
7138
5396
4992
3469
7938
7219
7060
7911
6989
8200
6665
525
1786
4386
2620
5451
7825
1522
1160
2639
2617
1642
1772
293
8029
4267
9623
4240
6102
9191
8324
358
3724
1082
7477
5723
9852
2213
558
3839
4808
988
1027
9406
8395
2352
852
6766
9882
6867
8577
2425
2200
1428
661
7972
5912
8344
404
1482
3220
3279
8532
9785
9929
2872
4785
2030
8956
9970
4910
7485
5248
6609
3379
326
8274
2695
1959
9661
2482
447
5212
5284
6661
3587
2271
7788
7966
3111
8002
4834
8426
2626
2194
2684
4872
9840
2952
9925
9089
123
7446
2424
9573
4516
1322
7923
9915
5751
6442
4338
2537
307
9583
1187
4056
1382
9831
3017
411
6821
635
9636
4202
8683
4825
9426
8393
8595
4693
3700
700
6443
534
9884
414
9617
7339
5295
3390
2593
6555
9686
3261
6487
687
8287
1223
9512
529
7173
3552
7681
9130
6573
9876
6936
220
18
8197
6862
3387
1435
6812
1837
8909
3837
8206
2824
62
4895
8482
1021
7703
8517
438
3979
9837
4932
3462
1098
9550
466
3026
767
4685
4371
8077
3717
2079
251
8694
8491
5204
9068
8854
7582
6979
2314
9679
4553
6423
9408
1880
9308
1855
452
3947
9451
4111
5637
8838
5065
1744
4393
8303
993
1968
3487
6213
6479
5094
8221
9798
38
5753
1469
5910
1945
8140
4688
9488
4679
3920
3097
4914
6816
5923
6687
7993
6104
1947
6465
3800
3743
1705
1111
3973
4620
6833
5000
23
5346
1265
3582
1043
179
4669
7452
3875
7263
9648
9521
6845
8144
4396
5283
4220
2973
4565
1986
8179
6718
7303
3523
6728
6000
8365
8104
4117
8354
2090
1715
4325
7929
8155
9174
1879
949
9031
2504
608
1395
1503
9885
7951
5636
6571
2667
3648
6362
4026
832
548
2828
4619
2475
3853
3661
8129
2573
746
6968
2613
9080
9047
676
7594
9414
7852
117
5432
9675
5988
7649
7520
8544
1975
8441
1901
1166
1920
6679
6481
7114
4675
1412
7154
8008
4124
1222
3177
4770
3251
2456
5314
4177
1767
7624
561
6157
8239
7104
9765
7183
7127
3997
2299
5399
9877
4472
2750
7728
3124
2304
4113
997
5525
171
6941
4095
9180
3657
496
7180
492
9493
3646
8893
2510
8731
7746
658
3406
2946
3254
4796
8472
1610
1123
2809
9991
1965
6142
5227
5807
9093
9216
3493
3454
5957
2578
795
8468
3573
7569
4849
7528
7504
3666
2473
4810
4851
5198
4313
8150
7310
9256
9013
8222
1066
568
4375
1661
4467
2233
7722
6644
2786
3976
5455
7321
4018
8603
4427
7200
9212
6012
9452
5836
8070
2588
6466
3153
9233
7422
343
7475
69
2727
4524
7567
2106
1691
4203
4133
3274
1097
9136
7231
596
5254
8270
4272
8573
7510
8535
593
6510
6595
3284
3207
250
6540
1729
3905
1163
4144
6946
3936
2055
4803
2001
214
4035
5088
9205
8454
8376
4326
590
7696
5181
7608
9989
7890
7435
6981
1658
3609
7325
4637
9575
4317
6712
6295
2560
1501
9590
1546
3245
1873
2896
3466
8963
9338
6392
4643
4165
7367
5019
6158
1479
2098
7398
3739
4751
4514
2551
3878
9104
8886
5047
6389
6343
4190
5108
1842
8761
995
9000
3639
5300
7987
8244
1114
9344
3571
136
183
21
5510
1981
4147
2116
8133
7462
8381
9437
4362
76
4291
8254
9911
4316
3615
483
5079
9818
3400
236
5532
8749
6021
3928
2196
6974
4379
379
934
9563
5223
7894
6678
3821
6167
3660
6568
9538
431
2049
2638
4981
9825
4903
1327
7375
3364
5625
3235
5515
9446
7600
3140
9578
5742
1872
2929
8295
6483
446
4335
5398
1109
4659
3896
3566
9302
457
5063
722
5883
9988
4342
5174
9527
5403
4082
6537
6957
8397
1131
7844
6929
5478
8004
8601
7837
855
8732
2978
5177
9120
7045
4962
6494
5531
6062
4971
9296
9994
7027
5721
2373
7498
2121
4059
5609
2195
1004
664
7207
3234
1352
6168
1349
1397
968
7842
1413
1465
3484
6243
9028
1471
2776
9221
8292
1567
3711
9819
7683
4372
975
602
2882
2816
1714
7653
367
2310
4661
3722
6991
6702
6403
9926
7730
5211
1593
7846
7558
5072
1020
3616
2648
1813
4811
144
8060
6910
5599
2368
6096
904
7155
266
7968
5152
7414
1803
2313
8541
3480
2808
1380
7238
8753
8708
3120
566
4888
1592
6358
9669
8300
5413
7032
5081
5497
6654
6178
4805
5971
9442
6861
5450
6202
4409
6269
7275
9672
3659
5408
2976
4521
337
2813
5378
6376
1266
7799
5482
9113
3044
3530
6154
5202
2432
9266
7670
4007
5322
3117
8627
8567
3372
2520
6317
8176
9062
9968
7088
8019
5053
3224
1477
7240
4063
8629
5305
7348
4180
8782
1053
8148
8716
2491
7822
8767
8101
3004
1090
7717
8953
6743
7961
1512
8978
7215
8079
2137
4557
645
345
7476
3145
1084
2701
5032
1284
911
7603
7264
6041
9853
8955
979
9099
3318
7699
2358
4644
1062
226
7940
5658
9396
4950
131
9611
815
4704
8607
9586
1862
9589
6496
7502
6878
215
3360
9392
5010
3584
1877
6231
2240
3539
7377
8100
4045
6379
9558
3214
4078
9107
9691
7254
3696
1604
2575
3751
9200
3729
2297
9939
5272
7395
3435
6591
2234
7994
28
8648
5554
7187
2960
5804
5757
3647
7038
8452
4081
9554
987
6675
1001
3610
1524
5029
6339
2632
6530
4307
4135
7146
8586
473
7794
4891
9142
8370
7868
2488
3486
7551
5246
9867
6075
3422
167
2876
2654
3378
7747
8545
3489
1763
74
2741
1859
7907
7347
1278
7791
6387
5226
4647
7927
4599
686
5715
8158
3223
1587
5738
8762
5831
5788
5171
8634
7134
8985
5997
2819
1597
1092
3322
3100
617
2198
7770
7164
8718
7025
7320
8489
2516
4057
4804
55
7512
9919
2818
204
1779
9758
851
4836
8367
3633
4013
4559
8624
6453
109
1665
4917
1210
9081
9265
7980
9273
5587
7349
7566
5384
8959
6173
6230
2230
2387
9596
9497
6180
3601
8785
7403
5611
5309
569
9598
2457
2984
7050
1797
7494
8590
3935
5443
4782
2239
4710
2685
1657
9767
1799
5672
8184
5086
2039
2280
8282
5704
6575
3292
4425
1919
6924
589
2932
2505
2941
194
3467
3915
4031
8329
5966
7941
5803
657
4468
2359
4624
4712
8423
2886
7360
356
7482
7785
2095
8724
7262
8858
9565
4919
9223
9681
6485
8633
7489
3768
736
3053
1930
8307
7792
4517
6895
6106
9739
1798
2105
7440
9436
5031
1937
9017
6587
6745
7266
417
5054
6902
5664
2010
8475
4134
4129
8947
1970
8185
8903
2494
2761
2579
8290
3354
6970
3898
743
9574
8799
9071
7457
5077
4605
465
3461
5714
4617
8114
8362
6708
1761
2670
6764
1230
6195
7732
4555
9875
8723
7086
2295
9117
7237
3402
7640
255
2380
1903
2406
286
4308
6493
4270
8692
5838
805
4998
9508
1638
4413
2643
5433
5907
6341
5940
5351
2652
7513
8817
1293
9055
592
3388
1801
2247
9179
7382
9356
2955
8435
6973
6925
1146
378
7679
8149
8325
1287
103
5240
5942
9910
5301
1045
9255
1782
3785
4105
4093
8946
954
9696
9564
5764
4368
2225
9693
375
5391
3476
960
9076
8480
1559
3796
6634
6976
4641
2321
7982
8760
5523
6375
871
8033
390
8819
6695
6245
1407
4899
629
3133
9870
3738
6529
1508
2043
1967
7734
547
269
2805
600
8053
7408
5436
8051
8570
3783
1507
5880
812
5939
1323
121
6014
3113
3353
7370
7170
6130
3122
3457
3141
4416
4753
5193
3255
1209
4720
7241
3961
1881
4471
5920
7141
2555
1750
1906
429
4245
7433
433
2379
7355
1159
5175
7612
7139
1741
1360
2758
925
2307
7639
4323
8310
4759
4967
1962
309
8688
6348
4179
3536
980
8223
3925
7995
72
4583
5555
2096
1582
5385
3430
9901
6410
1882
6935
8962
6226
4819
5602
3072
3022
1722
1858
3795
1543
1529
6
4384
6276
6954
804
7789
6789
7105
3019
3635
7914
2911
2018
8090
2511
2880
9543
256
2532
373
7786
5099
3625
1078
8437
5475
6959
7509
2274
8087
9511
1915
2031
7416
5128
9318
5449
1014
4265
90
1702
9
9913
6359
9462
3590
7875
258
9172
1905
6045
6837
837
3767
228
7425
9817
8680
3793
2290
9045
2272
48
2262
7427
4067
9225
5130
7413
5426
7935
7018
9935
781
8632
2996
8791
4208
2859
3773
4575
3409
9880
3358
4173
621
518
2636
86
2026
7631
8611
2048
434
6666
922
5630
2852
5842
8054
5543
9129
6426
5761
1958
2013
2975
7049
1436
6273
945
5778
8989
5626
7506
4968
8479
6429
4990
631
2963
7196
4582
2753
957
5600
3549
1852
4120
6879
4194
3613
9065
9916
7819
6268
7773
3478
1768
870
11
2467
5553
5232
2723
105
111
763
2698
4257
9957
5632
2708
7017
7132
5516
2837
9331
8320
8969
3115
3293
83
9676
7447
4411
1853
7293
8487
9332
9958
6141
7056
4867
322
7815
2875
8954
8217
6951
320
2416
5901
3753
6942
1086
5250
9846
8338
1463
9208
7174
6562
6080
5760
3452
5299
4347
9111
5823
1532
4877
2586
2792
7136
4906
5970
9710
7726
9745
388
3624
6335
140
3087
3563
6400
4578
5262
6756
4065
1633
8670
8990
4302
4244
110
8170
5588
4839
1762
9603
7071
7908
8542
2029
3263
8483
7872
1563
8089
3139
6047
7021
5916
5960
6224
9886
4975
5315
8663
9187
8966
6961
1038
6643
8693
6372
5876
7015
2449
4741
8765
1110
2317
9746
5092
7209
9759
1095
3543
2774
4476
4405
2870
3604
9930
9897
7802
4204
2601
1868
3828
7598
7305
7663
8899
4318
3844
6948
8236
9829
1198
6686
5740
8851
662
8527
9906
576
2389
9530
962
2266
2989
9315
359
4613
6518
2199
224
7054
8734
8515
4171
1928
4175
5990
9465
8209
4014
1422
351
5334
3269
2740
1032
5144
2533
4719
6184
8098
9492
8190
9419
4593
422
3901
6641
906
3249
7388
4431
3734
2226
2992
5565
5841
610
2045
292
1497
1126
8124
5277
5372
710
7077
4455
7192
1600
4856
8497
2795
2866
752
5828
4663
7870
9014
5902
729
1866
6055
1170
9969
3065
1764
4249
1818
780
623
4649
1795
5304
6553
9638
1440
3931
1361
9500
6046
8553
9734
245
1747
8894
9800
4092
9971
3799
2791
1024
2461
935
5089
820
6416
3798
7299
9133
4748
3408
9664
47
8243
7658
5165
1547
5213
1586
7400
1644
7328
3719
5844
7617
1374
4448
6771
365
667
3689
7876
4071
4322
3541
4830
6398
3055
8645
9879
1028
7564
4452
4568
1472
4498
4130
2162
772
7985
8781
1846
3306
7553
49
1393
614
54
4087
8682
1876
9502
9714
2850
1271
5683
7888
4235
7390
3043
6042
2369
2605
456
2694
3347
6808
4075
9861
8075
2426
1664
8896
9333
8671
1272
575
1829
9665
5814
9447
1217
7010
1037
6076
5388
9181
2487
5929
9503
8026
6159
9518
9471
210
8057
5194
7350
4757
6357
5429
8823
6350
8135
9168
9360
3708
9654
7517
1167
8993
620
4046
8316
5137
7755
1171
8208
2415
9203
9801
3168
1211
7298
4598
5712
4828
8840
4012
240
5157
5736
2303
9194
4090
2435
6760
4321
671
8486
5462
94
1376
2483
4304
1009
2175
4064
864
4001
6918
2180
1518
2347
8068
4519
6705
9695
6710
1040
1718
4289
6956
8389
5895
1572
8278
6016
9178
9531
7419
7965
8384
8422
9580
5877
8121
462
937
4199
186
6412
1069
7532
9986
6135
1933
4039
3028
5689
2820
3930
5296
7997
5400
234
7695
7937
7648
8867
5610
4066
2730
847
5411
6215
26
6892
4496
2793
6843
2539
3802
2269
30
8462
9716
7090
3270
2398
9975
79
5905
9864
412
4901
3094
7218
2179
7026
4745
5694
9125
6917
4417
6887
9301
6048
4462
5853
2724
1757
3995
6051
6737
2111
7267
3129
3645
5666
758
6512
6205
3826
1746
3658
6501
741
1789
2988
6783
1849
3151
7189
9711
559
6701
8795
2790
5422
8349
1403
5
5084
6949
3078
2133
8174
2678
108
6724
3054
7853
4115
4126
3623
867
4823
1093
1784
9859
808
2384
4845
3759
8860
2211
71
6405
8408
4681
1922
9039
4264
5169
1238
8665
6527
5136
6852
730
2062
8279
6333
9238
7109
4273
6311
8722
668
6329
7007
8523
1042
6085
3219
8991
7678
6650
8836
4356
4128
9121
7121
3911
7986
9828
6183
4930
8914
8363
58
247
1555
720
5332
2072
2077
6963
4873
2878
5113
6966
3725
7035
2747
5963
3105
8952
8588
6401
8679
7967
1254
8248
1370
306
5931
3848
8257
4779
4398
3125
8711
2799
554
1949
9383
8901
4708
2656
6434
9943
1615
4281
8293
7677
6002
8050
3861
6164
9069
9461
3746
2662
4479
5718
6526
1806
5122
679
192
6265
1712
4073
5187
6415
4590
4606
51
9677
6810
1401
1766
6114
9977
1815
5034
8302
145
6004
3619
5445
4935
4352
8471
936
2016
2453
1618
1313
5917
784
1091
4792
8786
515
9192
7654
9878
5397
8147
2567
6984
5434
1178
5783
3314
2568
2385
6068
1709
2528
7112
6658
4420
5160
8551
3002
7297
9506
1998
5155
9513
7947
6706
712
1224
4470
5618
5830
8775
5984
5956
4738
1957
7145
6473
8453
9954
3654
882
538
1821
721
1677
2604
2964
5684
7913
285
510
2181
1267
3405
4721
5102
4480
2843
1579
8372
2674
684
2542
690
633
8396
7579
6427
9662
253
2207
1311
453
2076
4689
1739
3994
5619
161
1560
1384
4269
4052
4437
7206
7471
2714
1538
7523
2590
9371
6225
2220
9319
8548
2112
5789
3048
4127
6731
4104
2437
4604
1974
2455
8157
377
4879
2000
2324
9041
4422
2777
7411
573
8356
232
1601
2957
5867
1292
6092
1585
4890
9048
6083
6354
731
1317
9857
8565
4874
5044
6717
4410
3618
2176
8625
5662
708
3101
8308
3431
994
9532
4532
6418
6492
6880
3907
4041
7885
8862
6386
8698
1130
9049
2053
3027
2720
3984
7420
2115
6546
9019
8876
1063
3882
6182
6633
5496
2625
6280
9560
4652
8162
5320
9394
5653
5835
7160
6297
1396
5236
7248
2867
4722
814
403
7224
6610
627
1139
1748
7989
6987
3698
9482
5952
2968
1033
7625
3226
4445
5847
2312
1132
5634
4506
5249
6604
6533
2478
6384
8027
9951
9898
3189
4787
4563
8102
1577
5146
1569
5052
9123
5849
7820
1174
1016
1233
4728
9751
3174
5163
2221
2346
7811
8042
3218
5440
3371
6958
454
8419
5623
6624
5192
7874
1510
4315
9822
9347
2902
3503
6256
7698
1939
3373
8386
4010
4795
3801
6912
6431
6247
8414
3870
8388
9372
9276
3451
7925
3253
8137
8082
8984
4970
5027
7659
9635
9032
9480
3144
5894
5215
2801
4142
9604
9138
5207
2994
276
9639
4478
3611
836
9582
4229
9384
8635
8083
5196
6616
9160
9204
3560
7057
3784
4909
6855
4206
409
1641
5183
5557
5276
3127
5308
1675
2003
1219
5527
868
7522
8341
2410
5827
4091
1500
2840
8049
1047
1780
7294
2986
5965
4882
4183
3862
2036
5685
3001
9407
9821
4711
5891
4602
9423
9454
3572
4196
5582
8628
1824
793
4775
5341
3761
4333
2174
7316
8167
7153
2841
3483
3949
2530
450
709
1077
9535
3517
3871
6583
4801
7040
239
4699
4518
1874
9802
4886
7469
9572
3335
863
6578
675
2637
1817
9972
151
6015
5003
1474
8463
2683
917
2419
2879
9157
9334
4024
2363
861
4651
4826
2400
9999
1897
4253
1302
2132
9134
6203
6757
1113
1602
1733
4859
1473
205
5228
8495
8986
3265
2839
8439
516
1820
7572
5140
342
8848
9699
9856
3508
1514
7287
1895
2766
1426
2981
5326
6070
8326
7478
8979
3229
660
5677
7177
706
2655
9226
3595
1328
2635
4592
8960
9438
6454
7234
3787
7944
6368
9752
2378
9649
7258
3694
8571
1703
1206
6328
3369
7650
6289
1251
4112
5786
4838
2762
3576
2903
6847
8940
7606
3970
8531
6920
3084
5483
268
6237
4897
3550
7008
8803
5620
8640
2288
9317
7978
3415
3988
819
519
3345
3737
5219
8831
5049
4939
7319
6931
5191
4453
1158
8566
6013
5233
308
7917
6997
8592
7616
6787
1116
7042
6011
4395
7671
195
1864
1909
3679
1542
1911
8063
5481
6801
1291
202
1674
3546
7117
2335
797
6863
3934
2092
8904
9415
2982
8772
4150
3394
2497
5048
8536
5147
5117
1823
1341
3121
5417
8512
4077
8182
9220
3910
6352
7168
3732
6673
6590
3578
4366
7526
916
1212
9824
3865
6860
7430
6118
8933
1343
6228
9843
9964
7404
7541
3525
1147
2554
5435
8198
9748
9243
1599
7992
9581
4855
2763
9324
5570
2193
2214
282
9996
2014
3205
2374
9992
5533
201
6134
9700
6189
5504
926
6474
3766
3960
8519
9963
4296
6393
5306
8526
8774
8980
4387
464
7740
5936
7233
9115
148
5541
941
6629
9544
7780
8555
1832
6659
932
5083
2126
8151
4418
2182
6428
3295
6318
9410
3730
7668
7843
2144
6776
4842
9729
2434
7936
152
8949
964
7058
5646
2672
3088
3041
8306
3309
