1717
410
3785
9838
7855
4155
8846
5528
6918
2865
4375
2348
3900
4164
1628
9322
5754
3284
5265
1231
5376
5767
9042
2126
9915
6558
4743
913
8357
6444
6224
4070
3632
5214
2053
9946
3480
6527
3248
8750
1229
6408
8321
6130
3744
918
348
3387
8801
1322
3772
7719
1163
6524
5950
1367
1658
9923
1296
9412
7933
7171
474
6641
305
8716
8685
2110
1681
5842
6908
6757
2016
2480
4147
9359
721
5995
6171
5640
4394
7525
9555
5121
2452
6350
2468
8689
6103
8579
1821
8922
5230
3836
817
4057
5933
1680
5825
5027
2232
8238
1705
2959
4414
7014
5702
8682
2377
6590
646
5663
3751
5656
5017
407
7616
5353
4189
3954
6248
9996
6006
3102
4020
7985
1527
8180
1663
90
3425
9041
170
1144
3407
6156
5819
6596
706
5437
648
6312
9513
6158
5171
9573
8818
6441
580
7490
1871
8778
2236
2231
8603
8938
6429
5486
7522
7019
2286
3164
1605
5492
2607
2248
8860
4588
1020
4646
8751
3306
2463
3683
6493
5169
7861
2814
1954
9361
1253
3648
2845
1550
8299
2365
1171
3925
7216
7657
4276
9951
3126
6765
4025
6348
6328
665
2563
7324
9958
5821
5421
8739
8564
6315
8553
5738
3434
1077
3615
3532
8160
5766
8637
319
54
7193
242
4935
7372
3362
370
8800
180
5697
9657
144
8841
7195
250
4629
9403
5431
8227
6911
2810
9734
6049
2617
8186
3781
6579
661
6418
4965
999
5387
6028
6273
3471
2321
6246
5022
8449
2058
5563
9938
8384
618
8895
5593
4593
3881
3364
8903
8756
335
3408
7243
7459
4192
8459
6748
3590
6782
9708
2382
4697
4269
4116
2568
3724
7929
8382
4381
6981
6169
1348
2872
1349
5430
3722
2593
9188
2698
7296
7514
6208
663
4977
2620
9029
6012
8128
7786
8273
4859
5275
5854
7556
3169
5920
4625
1477
2025
157
5435
520
3353
4241
2059
4371
6109
8761
4737
4401
4084
2411
4867
9006
4034
9292
1495
3538
7712
9800
596
6107
2121
893
5493
5315
8179
9510
9097
1116
7163
2541
1861
6994
1832
7310
736
560
4657
9902
9367
3049
4118
458
1191
3443
2689
4163
1886
5332
9981
8486
2445
5634
9924
8268
1232
3347
6566
9056
7930
9251
5639
3038
7237
1542
550
7873
7173
6723
8555
934
8881
7809
433
7546
1988
9702
2050
2626
4016
7623
3764
