3061
8407
7133
4514
6931
577
7354
8979
9095
2499
7514
2699
7174
654
1539
4009
9115
5814
6813
2972
753
3662
9807
4307
5716
6467
2632
4936
9518
1938
931
109
7535
3230
8624
8350
337
300
7166
1979
3323
2032
1507
7659
5148
2497
5174
1735
439
1083
625
1022
1908
1809
7896
9398
8600
2826
8797
464
7945
2417
9461
7156
1568
7404
5164
3943
2030
3188
3671
8815
8648
4834
9649
8721
2155
2147
9159
3219
1293
896
4496
8435
1312
9908
8201
5726
5333
9226
9750
7511
1502
6702
4034
906
2570
4350
6090
7743
7333
1230
9705
7251
7412
1810
2373
7074
2159
9175
7243
6452
3666
5578
9170
7048
7920
1026
5844
1659
9203
9438
8609
2804
3438
6159
7312
1945
799
8743
6150
7805
6057
1415
5886
62
1191
7245
1023
9501
1126
3566
6158
1982
3298
3844
5924
7532
6985
2986
1544
8505
4431
8539
7894
2621
6901
3813
1252
4498
428
6274
3416
3024
9437
395
2251
9691
9108
5857
674
3
6343
4124
8077
5871
2451
821
139
2314
1387
4413
5757
4605
9299
1625
2876
7991
7441
4290
3432
9770
5003
7106
4851
149
3133
2544
2903
1593
6233
8423
1128
2311
1541
2162
306
462
2022
169
6080
3673
8938
3110
6014
2461
8418
138
8769
9374
1700
1666
1566
7242
232
1339
7018
3225
5722
9318
8276
7236
720
5154
5989
2684
3445
3064
7137
1319
2413
5968
7272
8210
9758
832
1892
1091
2390
2490
4714
2406
4134
2219
4532
6757
9561
5069
1309
822
3288
7237
6300
851
7803
6437
8217
7956
25
9776
4213
5354
3000
7449
6960
5731
4394
3356
7483
9399
9447
5926
834
3231
4603
5869
3101
8501
621
9232
3122
8376
1755
6315
8030
5176
9667
6420
406
3320
2615
3936
1066
2613
8277
9360
9406
6684
5258
8800
2363
6205
7585
1909
1375
7362
6402
3069
6248
1934
3336
9715
7334
793
6653
5836
3599
6685
9418
1784
6064
7973
2950
4163
6784
5510
4859
8220
4953
5243
6462
6416
3243
1820
6869
6917
791
9845
4940
668
8774
6598
172
8471
9984
2899
6601
273
5960
2441
5760
2721
7266
3474
2736
4389
3254
3421
5124
5864
2502
8181
8115
1004
5471
6919
6471
5514
3924
9735
5044
3753
1744
8749
3009
9465
7801
4478
4178
3885
8908
4586
2260
2512
9482
3741
9150
9769
9083
2480
3663
7369
4721
9075
8166
593
8482
9167
3065
6427
1087
6349
6224
7397
2007
976
8516
3271
6587
8775
9243
1239
6955
7916
5921
5603
1522
1729
7768
6430
1444
6071
7674
9032
2669
583
2416
982
8633
1478
1112
7457
7821
8237
6035
5114
7475
2765
634
9304
5812
5892
4888
8126
3482
2120
249
4672
2879
7645
1270
5297
9725
4657
4905
153
9722
2975
8307
7932
8047
2288
7953
7297
8130
3781
9134
9679
9885
488
4046
8964
617
5551
1183
9548
5549
548
334
7744
8103
988
208
5815
7731
3163
3331
5882
5392
4500
4457
2702
1257
3524
7939
7591
9995
9700
570
4786
2305
8163
2328
4039
9353
8969
174
7425
7758
7598
303
4184
6965
7088
2315
6050
5970
6347
4003
5096
9546
4507
6140
7093
7612
3592
9552
5849
7562
9763
2958
5712
7389
7902
7651
5403
9123
3978
6913
5217
7075
6698
5103
953
9339
973
502
7679
3650
7015
4223
783
7294
4052
7798
3731
6187
6946
1741
5376
1575
196
7834
7345
8472
9575
9186
4663
646
6847
2369
7089
9879
2471
7808
9327
5186
7754
6638
3090
1873
2199
547
5540
2174
104
3919
9216
2177
2236
1536
4595
5499
6502
7268
3608
867
1397
1316
3015
3003
168
1853
3693
7415
1581
9989
4404
1001
9192
2285
8748
9376
9648
2294
5170
54
6239
9081
744
1430
4669
132
5553
5283
6971
1305
2059
1578
6886
5240
1774
8857
9195
379
3686
8481
1002
1754
114
9515
8215
2984
9251
5846
6123
6854
4974
8437
812
5158
2234
2271
1573
5498
1720
8140
2131
4610
8684
2345
9422
9862
510
9891
180
9269
8607
6688
9051
4485
8966
1228
3215
1685
2999
6301
9436
848
4451
7084
3140
6074
82
9540
6585
7622
4881
1965
341
8871
7143
7170
8792
679
7271
8740
5955
5942
6366
1748
1761
672
3267
1043
8358
1838
2694
3761
4232
5260
6282
6231
9780
970
3305
2558
4388
6641
179
7341
4057
4422
1005
5728
7561
3481
6866
718
1391
4312
9409
6272
5542
9263
1067
3244
8502
6176
3382
7197
1910
2510
4448
7490
7769
2649
3384
3197
9724
5401
5732
3935
2807
2993
4277
9213
8856
7366
4541
4890
1918
370
4698
7763
3295
3397
7844
3959
1912
6557
9791
831
1521
3668
993
5990
2730
6078
540
8556
5327
8260
251
4225
6963
4525
9830
7368
7619
2529
7120
3071
4885
89
9876
6327
7556
7578
9371
5394
4838
2023
6249
4755
8381
3697
3548
8900
9188
4292
4157
9207
7967
5059
3146
3619
7039
9433
506
4778
4028
1117
6719
5946
1432
3792
4666
8433
5152
6706
5146
3718
3303
2010
5495
9739
8581
7191
6133
3820
8719
3340
2827
8913
5678
2121
4816
3181
3937
538
9938
4887
59
2221
3638
7766
2435
5902
9905
8881
466
4036
7586
9011
5488
3049
7650
3879
8458
2242
4373
958
5573
687
8290
7806
267
9310
8975
1485
4613
6767
258
3659
5572
9789
1857
1973
6146
1289
6227
4939
8252
5241
9901
189
7458
1767
5530
57
2080
7696
513
9101
2157
1533
5348
9959
2167
6591
930
7396
818
8753
1829
9090
3259
5793
1906
2312
952
8146
6019
7320
1382
3048
7904
77
1852
7207
5954
4438
2533
9071
9745
4557
3415
8255
6508
2013
4697
5296
7542
2281
9882
1148
8360
8367
8508
9736
8151
9767
6743
2366
3082
4837
150
2299
2055
2090
4738
3723
1441
1532
6889
1746
9007
5675
9284
9893
8334
6255
2849
8476
5038
1500
8625
6755
1717
3485
8698
6217
6287
7378
1475
8577
8105
4209
9957
1888
6101
749
2992
2676
2141
1089
2691
3504
452
8258
1433
9517
9798
8650
5299
373
1253
5024
5223
5244
1629
5795
7097
6898
5075
9935
6446
6295
1276
2375
4288
8507
5949
4614
627
5194
5765
8029
1331
1839
7861
8779
9454
535
4658
1515
8705
6549
877
5505
8868
3257
511
5293
5594
6606
8322
4987
4192
8241
2230
5509
142
7724
684
459
9458
7214
2792
3768
8925
8318
7443
4539
5276
4930
7589
4726
1497
8783
9639
4103
5334
5199
8587
388
9706
6344
7647
9619
4639
3270
9312
2811
3973
1769
8246
1419
6076
5679
6368
7275
9162
837
3046
56
6602
3514
733
6725
5032
6581
4410
1242
9069
7508
6448
9931
4148
4286
5048
1728
1303
3160
9343
8007
78
493
3563
7012
7359
7923
9425
9551
6660
1044
6105
3906
6544
8809
7778
7391
2985
5477
2349
781
9627
5748
2595
2081
2227
1031
1742
6895
7258
5507
6232
6939
8020
9222
5444
7336
1817
160
8886
8042
8504
9321
3949
3912
5801
6357
2530
7728
9711
1264
4764
6884
5696
8393
442
4918
9391
3785
598
3251
311
1870
8168
1914
5649
2831
9933
9466
6861
4552
1701
1710
7829
1093
901
2976
2926
6521
6756
8560
1639
3424
5930
769
5101
7444
7128
8192
7450
4191
5743
3887
708
8870
4896
9777
4469
4402
212
5182
6682
5284
8297
2884
7621
325
3789
8867
3001
3710
3354
235
3756
8697
1759
7107
4573
4260
967
2086
7206
192
4106
6744
8534
2353
4245
3377
9666
6741
3790
8841
2216
9823
6803
8582
1189
532
8634
1140
5773
5771
2643
3104
609
6442
2422
4316
5001
1090
2295
7045
333
648
9977
4342
3494
9965
5161
6225
9543
7284
7770
5677
53
6674
3493
5472
2762
9710
2767
3224
4319
9474
3840
1380
9524
6308
7356
8249
541
2567
555
2355
5139
1174
611
9545
3099
5820
2839
5314
4947
4416
9197
5406
7571
937
8324
7209
1118
9174
491
1321
4845
18
3263
3771
7427
9235
7486
6119
1137
332
5715
359
3216
6610
5320
9928
7909
7574
4934
8892
327
8265
9100
1282
678
9603
4242
3345
1237
5965
682
9289
4700
3081
4843
9576
1543
9316
5303
7461
8059
7710
4354
4327
7280
3209
1600
5556
2429
7881
2710
4162
2489
6749
9632
2773
9900
4367
1069
3528
476
352
8257
9631
1431
8666
2267
5566
6323
6065
8028
4364
5125
6860
6819
3390
2133
5413
9054
5671
4217
5524
8159
3343
4659
4645
5838
798
2526
6927
6842
3342
5925
997
9215
7423
4753
6922
425
4355
2004
6707
1872
2
9906
1696
137
8343
7311
5690
3141
4107
7211
4749
921
485
4477
8712
9137
1185
9200
5862
7604
5966
660
2132
1315
2212
8817
6286
4752
436
4141
4183
1988
9530
7652
3783
6073
3316
4944
6000
9940
9878
3292
7569
8980
705
8346
4092
4171
8366
4278
5179
2644
4324
3870
9997
484
3817
4529
7148
1654
3370
7234
2079
1530
2650
5033
657
6131
2201
1437
8919
1247
5599
4360
48
6489
5816
4351
8782
5494
1073
6
5516
3596
6061
8763
420
9033
5609
3471
6267
2562
1520
3333
3621
9048
1346
1207
6081
3077
2222
9510
5950
8394
7327
7303
9266
7913
3296
9782
3960
650
615
8605
156
826
6566
8751
575
5822
4968
2483
4088
5302
2756
8114
2700
8670
3272
1562
4056
7121
7301
8733
50
981
1730
6342
5557
2970
2779
9373
2741
5830
5656
758
5374
2571
8808
2358
6228
5350
2000
6509
9799
596
1111
3883
2397
6594
6643
105
9844
4836
2408
5018
2852
4706
604
14
2283
6775
6419
7616
804
8681
4549
8492
6374
3821
5631
9729
9832
1668
480
6975
6376
1438
9187
5819
2407
820
355
9719
4101
3118
5130
6495
7516
4692
7912
8943
2810
268
6283
4212
5106
2575
9261
478
3038
123
6134
4741
1929
8576
3095
955
4012
6795
2453
8326
4830
4390
4620
703
1398
4598
3337
8240
8552
6976
5382
8463
5996
8627
9535
8194
5713
5775
1094
9240
1063
1630
6983
9491
3201
7918
4420
2865
9472
9139
9586
4112
8420
5647
5580
2814
507
9237
1020
1925
6062
5911
751
6278
5933
9949
4176
1420
5818
1082
6678
7232
5590
3327
2990
3719
1907
5419
5687
6296
4740
6243
8876
1883
207
3955
5379
5206
6537
73
7314
5000
5718
3212
7968
243
4861
8390
2354
8522
5092
2657
1860
9110
7199
6238
9766
1170
4508
7401
4049
9742
905
7464
438
5875
140
7158
8275
7487
8694
4128
7451
3576
1435
6350
6522
3360
613
2094
4473
6096
2719
2873
1076
5234
4548
1722
5810
3218
8226
9337
3979
2514
2321
5195
247
6766
5386
4372
2211
4981
3622
1995
8330
4820
727
878
688
4627
292
5369
9779
7420
4284
3091
2723
2883
910
9224
4238
263
3836
1460
1327
3113
8348
5227
7722
2261
1115
6353
9250
6903
9727
995
4931
3598
9045
8457
2735
4900
3047
3674
2662
9328
4071
7142
9383
1731
1318
984
9267
7575
6279
5064
3704
8664
5034
8117
2995
4769
7951
8380
5626
5193
1653
8555
1100
6559
417
65
4673
2564
9114
2933
7043
9210
9866
7349
5585
5380
4954
7319
3980
962
3833
5876
3837
1376
1516
4190
2763
9883
2707
7509
1605
2500
8532
771
1620
1856
5167
768
602
4251
3041
3425
8306
1212
690
3802
7029
2726
4540
5135
7187
2897
5277
1556
1353
7694
5676
7270
2821
8860
9021
6245
1480
3981
2450
1976
709
4161
5415
796
8804
2265
2978
9387
8960
2853
9980
4593
4418
3255
9214
9490
3497
7780
5391
4020
6325
5980
2592
9732
8261
9821
4579
3831
302
7481
4480
2752
9087
2697
7882
3861
6007
9040
1652
5071
1295
1876
9173
4766
2183
7815
1218
664
9104
23
6776
2479
6284
616
3246
8274
9231
762
1399
4115
1179
9675
6792
5614
4979
909
1297
7855
5054
2395
2934
309
1198
7703
2803
3869
9451
7733
9809
889
7179
9754
398
8304
8139
4425
5049
5184
639
1797
5375
9319
5390
2038
4085
5878
8149
2917
4664
1071
6189
5806
8858
9198
1650
7238
4117
8101
8689
1390
4794
8187
6013
6817
5906
2467
7428
4061
4717
635
1854
3512
2740
2581
4262
5090
9326
2115
2628
2332
6190
5986
8989
6626
4022
8136
5201
7288
3349
7335
4488
1501
9961
5829
6904
7846
5165
3721
948
1256
3279
4140
8562
9796
1657
9855
3011
9362
4634
8762
2462
1103
26
7828
9279
8445
9291
9347
6773
1368
3299
2778
6751
7357
1680
1075
3804
2050
7424
9193
4969
3479
5346
3986
2701
5725
9039
6759
6877
5885
1656
6506
2771
5262
9646
8264
7905
5767
6240
7081
1386
7298
7019
2602
8635
4310
5466
5811
4001
2495
7382
1640
2971
3920
9992
7225
3116
9166
2161
6763
5322
5574
2848
8510
8784
6460
8644
7653
1560
9740
4274
1574
9810
5845
7907
4010
5388
789
6675
4344
2017
8541
6925
3124
7058
9999
7739
441
8988
752
236
1152
3985
8598
4138
2996
5317
2360
5842
6701
3306
1259
3287
3890
7497
5973
8646
369
7661
9968
1859
1585
5434
2585
9058
5608
6754
6790
525
7793
1358
1984
2698
223
9817
2880
959
6711
3849
2943
5898
382
320
4017
6739
802
1410
8251
2371
6332
4248
8569
4504
3262
7099
6972
8179
8385
0
5020
7269
1635
3518
4474
4848
8150
890
3612
2243
8675
3033
6434
51
9723
6382
1474
1184
9410
3439
6107
5569
6455
3449
5971
7718
3053
1997
5300
6747
2705
5408
5951
100
1481
5536
8070
7254
7248
1796
5813
7200
590
902
5527
7948
8019
1401
4919
5893
9190
457
1133
9259
2439
3677
6066
5233
9309
1957
3646
4235
8773
8384
6194
9701
8722
7240
4797
1985
9336
8310
4551
6562
6826
2681
8893
5078
6936
7994
2100
4809
8119
9747
1966
1280
9623
7255
1292
7950
5620
9634
5205
1699
6197
9971
1950
1881
3414
5371
3102
5366
8676
5395
6820
1553
3694
1447
8199
7600
7802
7492
2830
4095
8589
8283
1385
2689
9346
6998
364
731
9521
4580
6728
1706
1070
1284
669
4227
435
9738
6846
7006
4099
2169
9050
7767
3319
4825
7087
2677
1335
5031
4091
3618
871
2205
6421
1546
35
9867
8153
8545
4538
763
9567
2340
8079
4685
7961
8838
6201
9755
9640
75
148
9948
7057
9196
470
8916
2755
6261
3387
3227
80
7119
8035
7504
3452
6671
8542
7178
1913
1354
8995
712
6952
5279
4547
6129
8250
5723
3863
2215
1597
670
7683
9628
1783
8953
9671
7998
7566
8238
1106
2749
3083
1098
8161
8794
2244
5190
4368
6586
537
9523
1996
7864
2144
1762
2781
8987
5987
8048
42
1040
7713
6309
2974
779
9404
7478
644
6634
8426
2493
5259
5156
9340
2768
9430
7675
134
5422
6475
6354
4096
2184
745
5304
3291
7477
954
9442
7563
1864
8460
5330
5261
8118
6493
3654
238
6647
5280
612
3365
8818
2291
9833
1120
3005
6683
1989
6733
9733
1330
5016
4201
9897
686
1674
91
2191
8235
5613
7602
8529
7176
5526
5465
298
4472
8225
9834
8653
3916
6470
691
7551
6788
9219
1477
6454
6036
74
9925
7554
7144
7642
1830
2554
7392
9080
4812
9112
1267
9434
662
8974
1244
8626
1894
5203
9400
6393
6124
2075
1139
8777
4383
7328
8003
6099
7164
2979
4497
1658
6092
8557
1647
7480
1669
9426
1298
5660
1941
2799
8068
998
2955
7342
335
5877
9061
5007
3334
6843
6363
5145
3483
3545
8356
7669
4051
7836
9470
5964
8723
187
7580
9934
4992
6166
7155
7984
1243
405
7031
2388
5222
4804
9089
5305
360
5651
8263
8395
4977
4646
399
7055
3161
8478
2747
4203
7064
9913
9986
7947
6656
810
6428
152
7317
5624
241
5560
6578
637
1662
9672
4164
2910
21
460
6991
5209
7937
3004
4407
492
8147
8278
8022
2835
8398
6695
9762
5393
8805
7241
38
4153
9892
5823
956
7877
6893
4079
5833
1778
2399
5338
1525
7227
5287
1395
2437
4156
6810
6237
9772
2543
2456
2738
3743
600
483
281
6319
6700
400
7992
4313
5947
2188
1056
5998
6169
9836
4751
1450
8496
3165
3386
6799
4636
1855
1340
8667
2374
6857
3108
5275
9019
4824
3304
4709
248
811
6999
3603
7247
5457
7151
8992
8574
2103
7318
9519
2064
8761
8321
2458
4606
3521
3020
3624
2380
3060
4560
2455
3187
1446
6740
1414
3137
3700
3824
4640
3517
4607
5883
9043
3800
5790
9499
2760
8065
8442
6388
4623
2843
6726
4619
542
1057
3964
7545
1833
1602
3757
8239
4120
1344
1357
7850
2006
3977
7626
6180
6690
9695
5122
6791
2871
6410
6637
8816
3550
2881
1967
4064
4187
4622
3680
4521
3944
7098
4720
7363
6992
4542
3897
8730
7347
2198
1601
8368
2540
4299
4455
7856
3561
1557
1178
5904
17
1689
7519
9273
3028
9703
6850
9183
9574
8709
167
7274
1482
2919
2491
2473
265
9507
3430
408
8132
7663
8637
6160
3880
9978
5657
4678
5689
5116
5745
7370
3394
7625
4283
1527
2254
1333
2828
7543
474
1424
9597
9513
6441
7825
1046
8317
4325
5478
1617
6801
2009
4519
8097
2136
36
6125
6329
1462
6336
9504
780
1473
9247
7291
4699
3045
2146
2665
4724
1663
2560
7108
6027
186
8464
6905
5800
7629
6948
316
7995
5564
4716
6855
9950
7384
6022
7299
914
7553
66
7183
9820
9091
2929
3459
3769
7304
4980
4932
2202
8931
9296
9982
351
2052
6173
8701
3635
8473
120
7085
4909
8538
6632
6531
6856
2888
1350
946
3688
4933
1042
3096
5387
8622
7922
9837
539
5772
4244
8178
6404
578
8509
8830
6030
9759
242
70
6394
6407
7910
9035
8363
1240
9872
9851
9350
3358
4370
1498
859
2286
8677
6484
772
4340
4858
5173
9814
972
108
6546
4362
11
801
2688
8745
39
8636
6680
6400
2994
5699
4895
4419
9922
7138
3509
3505
