9653
1711
943
3524
5589
1935
8009
5057
8334
5205
4767
6201
8047
8387
7502
6764
8298
4131
6311
2029
973
5173
6091
3958
7671
3698
5750
67
7153
7866
9252
6576
7468
2515
6407
2496
1759
429
458
345
1787
4088
3830
5735
8287
3352
2648
7244
4685
8059
7276
6024
605
8573
9301
4480
5620
6984
5852
1891
6185
7942
7903
467
5953
8191
8732
5532
1980
5006
5004
7869
3672
5965
241
6884
1342
355
5671
4319
1049
8506
5381
9093
589
3228
5970
8895
3213
1926
6876
4774
4576
8567
4160
3845
3362
9782
95
4619
7116
5263
9679
3055
9407
2351
4639
8331
2416
3137
5264
1313
1533
842
7678
2560
8809
9878
2724
2221
9837
2318
54
8130
229
3292
5105
1805
6396
699
7980
573
5576
9699
3932
3243
5702
6038
1182
876
1331
563
797
8789
1611
3461
3043
7725
6481
1284
7375
3484
7057
7874
4782
4798
5209
1548
2826
6114
7245
2833
1717
5156
4690
5737
1833
6909
4435
6857
2771
8695
1848
890
9274
1521
1264
6518
6767
249
7380
5324
5111
3324
4496
3515
7701
4917
9134
8034
4154
3212
5068
3630
8497
8628
9079
3632
6921
7724
1210
815
2045
4427
4603
4788
5508
3277
3944
5029
6058
5865
9865
7509
6823
8393
660
1174
8035
6916
7775
6401
2703
9559
3627
8217
2392
646
2441
7631
9597
9043
9039
6564
3278
684
8720
9707
8306
717
9408
5857
4089
9124
9202
3765
988
1804
686
2972
5746
9688
4293
3040
5644
1723
5044
1161
6992
4591
4862
835
6312
5432
7015
6826
3300
4230
6138
9672
952
2868
7318
7507
1917
2312
3578
2405
4424
4451
1404
8841
1754
4659
3851
9354
4745
3523
7633
8961
3676
8546
6125
4546
5021
7776
3691
138
2376
464
6757
5666
1014
2019
2877
2370
6785
1123
3332
8144
2639
6736
2541
3187
6020
9081
1653
1581
7660
2080
9776
6596
7177
5996
2406
1554
1193
2960
6896
4535
9887
2266
2048
3986
4646
3175
740
7959
2400
4301
816
1037
1809
8772
2937
8526
5940
6122
2110
2478
295
687
160
8488
5018
9613
1322
1177
3824
4226
8797
8257
372
4687
8554
8541
2845
8340
9014
607
676
4120
7376
2295
6361
4958
596
2782
8255
4434
956
8412
9788
1753
3298
4485
4686
5722
3025
9650
5807
4134
8174
5504
2558
664
7122
218
4396
5681
7599
7108
1503
1801
6174
3311
7865
2127
59
9017
8540
2921
9390
3270
384
481
584
2934
5255
4055
8158
2617
5988
4869
9985
9201
6791
3802
4294
3474
2564
3859
8753
3356
1304
6273
7986
5578
9987
6620
5663
4008
1110
2885
4744
4903
5119
2077
80
4187
4962
340
7522
4981
1119
546
6932
6188
4109
1074
8325
5764
5542
5976
9062
636
9914
9080
4208
2597
7355
5268
7435
5600
6954
9846
1983
5241
4298
1671
1725
4214
9286
7601
3518
1231
8374
184
5726
1054
5877
5545
4233
9898
8465
5133
3823
4107
4989
6039
7868
7482
6832
9694
2905
1922
8027
9139
4949
947
9811
9402
6600
1550
6256
8375
5544
9405
1540
8481
1542
7965
9391
1889
1366
7055
4712
8159
1133
9309
5631
3856
6731
2454
7907
612
9308
347
1045
5027
6105
8443
6066
6143
7632
8348
2209
6758
8279
4701
3449
7144
9387
5939
8866
303
1015
555
971
5624
5987
6789
9813
501
3771
2744
4818
3801
4931
97
1192
7850
3454
5437
9521
3325
3734
8707
1305
7953
9880
6432
5860
8487
4468
791
3587
7604
9596
9375
5421
9040
9316
8630
5564
2371
4888
3530
8407
6290
3348
4604
2256
9294
5933
502
9345
6977
5269
6821
2264
4318
8033
6908
3381
4641
5283
8275
4026
213
2863
5334
1343
1817
2428
4414
6121
891
7760
3374
8845
5176
2897
1663
6532
1827
3604
9193
8534
289
4242
626
4327
1932
7111
1103
1006
2407
5248
922
7088
6612
9503
8194
3426
8013
3261
438
6865
1519
4380
8453
9217
1894
7975
7087
1420
6370
376
1553
6090
9740
3737
5971
2237
1007
9410
4706
1325
3407
3714
5642
6837
6286
2233
5673
4703
8236
8518
8566
3165
2327
5909
5788
1408
2432
3957
23
9682
4636
2031
3695
9885
997
6871
5766
2222
1189
7006
3850
5732
5540
8112
666
2811
2379
5608
5742
1413
6716
8134
1858
2987
7871
3762
2725
7827
182
828
8574
5453
4682
1642
8770
1683
1947
6951
5289
5361
9907
2480
7047
1511
4715
7433
6787
8902
5242
2977
9029
6824
8215
8609
2966
6502
173
707
2014
7234
4145
7938
2040
360
8432
8396
3897
9341
8983
863
5427
319
380
1506
4235
1087
346
8271
6975
3822
2585
7204
1799
1750
7238
6073
8676
2267
1510
1240
4937
8054
1215
1969
440
6687
3079
6319
6383
2889
9561
6259
2114
3602
6504
7834
7103
8730
5415
9826
2435
1576
259
323
5353
4835
8560
6681
1158
4976
5221
7073
7473
9623
489
2265
9164
9537
3794
4399
7267
1952
4054
4086
4261
6326
5090
8197
5245
9403
8969
9945
6852
8804
3361
7794
892
6616
5605
8126
6397
5160
1407
7667
2487
8785
2491
3112
4239
8670
7565
4935
2559
482
7521
6173
6061
9026
9744
363
1436
6006
5276
221
5789
818
7128
4470
8272
8189
870
2647
6418
1774
7540
2599
5084
1005
733
1403
5009
5836
8322
5839
1621
4830
7589
7762
4960
3405
5400
2391
2995
1673
5983
9769
397
4644
6746
4741
1689
3690
4874
9754
4286
1486
7145
5278
430
1021
4602
266
4384
6665
2495
1289
2848
3441
5332
2329
8511
3386
7246
4027
9509
4544
926
9101
1235
335
6759
8263
1095
4631
965
1867
543
6102
8714
2483
4530
2384
798
2124
7880
6330
9177
4694
6956
9312
4417
6230
5779
304
7627
5727
4777
6942
6219
6177
9194
7843
2003
3289
9230
7863
324
981
9229
3614
6027
1378
1002
6447
1902
1628
8213
1749
4407
4314
3379
7446
4864
1655
3337
6139
5765
9160
6305
5335
1697
2955
121
7100
4370
4058
82
803
202
4401
9302
1180
3825
3149
8728
1770
4880
7306
396
8157
8425
7574
3536
6987
4841
7132
69
1118
9721
6043
9304
3492
1780
7037
1113
435
37
8373
9321
7363
3042
4661
7254
5025
2157
2314
2616
431
8025
455
4390
1964
6166
9525
7383
1099
6925
13
9684
8357
9997
7687
2044
6112
7615
4034
1733
6506
7985
3032
5114
3763
320
4829
2527
4515
9638
3093
5186
5588
4913
933
9816
871
1587
2659
2654
7274
2395
7350
3358
4180
8896
4469
269
2816
3990
2802
3948
6405
6849
2402
9205
9265
2553
8572
2410
375
6590
5294
2769
6753
2227
5240
1375
9232
5590
5682
1755
9582
1424
3483
2257
8011
9103
1640
8508
8468
2382
3393
101
8702
9984
6974
6768
8885
6126
9943
7715
8041
1263
6788
2615
3722
3843
5093
2819
7781
5781
2192
6314
3553
7487
2910
1129
6575
5345
9260
6772
3645
7981
8978
530
4987
696
5297
3540
2644
4215
6747
33
6488
8661
6924
7692
7564
7873
5648
4600
7611
7908
2387
5585
3421
9280
5975
4997
3367
8781
4491
3142
4633
4185
5210
5135
105
2122
2241
9548
2099
7651
3520
998
4248
4204
8883
7780
1387
9044
370
1069
8142
19
5286
5706
4721
300
172
274
5434
6890
1855
3917
2739
2482
2429
7767
3526
2116
5370
8360
287
7933
9901
8281
1726
792
4484
4589
7393
3368
4097
4263
3674
6042
5190
9848
7401
2183
2069
5395
6629
9143
331
1465
6400
5351
3620
7596
6928
5000
2709
7854
2085
5385
7424
2994
9507
5688
5684
8040
8887
2793
7591
242
6696
7291
2580
6124
9932
9086
3622
2538
3271
9137
1395
9326
8083
9237
3772
5771
7169
9263
8188
3105
4462
2676
6380
3589
8624
6508
3836
1552
89
4769
9109
2770
252
1472
6995
1699
3623
4231
9547
2113
8286
1599
181
6446
4267
3116
5623
8328
9277
4186
8118
6394
7256
6920
5496
4998
6029
9435
7585
4556
8974
6467
4299
174
7341
3956
3557
2348
8687
2807
2494
8776
7142
4356
3391
3223
812
6261
4923
4652
3858
9738
4778
9233
3517
2678
700
293
9979
747
8817
5448
764
4551
628
5769
7706
8909
4761
8354
642
2638
1222
4362
493
8295
4051
1814
9662
436
2785
9214
4722
40
9670
2514
6870
145
7163
3609
4574
2764
2458
8876
1709
6151
844
6634
9772
8591
879
1456
6338
9799
7329
4579
8164
1084
4272
5012
7979
2721
9828
588
6098
9720
6395
7891
7998
1191
7032
8063
8457
1904
1617
6585
9756
2931
3511
3699
5459
6150
9442
6131
8214
1648
2715
9541
5566
8998
2524
302
7752
4478
6155
1881
3706
2784
6430
4449
7085
8636
8581
1558
2815
2998
4433
8181
743
4822
5232
7573
572
9552
1828
3697
1427
7884
8072
3680
8349
4508
7761
705
7425
5462
4704
6050
146
7080
9250
7514
860
4572
6344
5215
7214
4533
3766
4951
9729
8199
2650
2876
8183
2278
