2263
3334
5562
9008
9244
6596
7275
1793
5437
4800
6534
1652
2927
8738
7086
5584
532
6056
6187
1767
8419
1708
7092
2781
8553
2076
4030
952
5994
4149
2855
8494
3975
7916
5984
8035
8147
9170
6612
3662
2830
5183
9961
7892
8212
2778
6984
3436
6209
4043
3555
8831
7535
5145
4415
554
6242
2780
455
7167
2565
6322
5799
1288
1945
8040
7677
5010
2754
9051
7437
1362
9444
2524
8936
3236
1747
9199
4568
5774
5092
593
4743
1950
594
4024
958
8829
3501
5429
1792
5367
8714
1096
6508
9384
8672
5947
172
5100
1973
681
7157
6606
2192
9386
5011
1178
8806
7042
8211
4680
2074
1971
1579
3848
694
7920
7081
8848
1509
7325
7258
2070
2647
0
1427
2428
3851
3074
3252
4396
674
3119
9912
7586
5344
8401
4637
2620
2322
6622
4750
7155
4034
7369
9124
4929
5536
7978
8026
3091
6252
464
3356
9898
4536
9544
3583
3780
7326
5732
3790
3815
4006
8955
2059
3993
8504
2292
3283
1133
6228
9186
702
2508
4914
8613
2630
2302
7499
8315
5095
5225
1305
4421
2654
6555
7687
807
8857
5251
2364
8839
4995
890
959
3339
27
8413
7065
935
7031
5686
1957
24
1278
7389
9621
930
6755
1280
6281
9011
636
8564
2510
9584
6301
5504
6305
7696
3435
8031
8769
7388
4190
9811
1548
1575
8586
4216
5237
6563
1284
9409
482
9347
4397
1376
3900
297
1185
7926
8495
1083
2558
254
2395
829
442
2112
1560
4630
9334
2251
6711
3187
2635
7087
2843
5840
8046
2344
2539
6043
9717
7726
1226
8081
3162
5187
4924
1604
6007
6511
5509
9536
7686
4829
8206
9556
9153
746
8143
2103
3677
1933
1949
7158
3771
6160
1761
4288
1057
4456
3139
5581
5956
5039
2841
8257
9028
4313
7666
5254
7188
9956
8622
2823
6741
7174
5501
7806
8881
3286
6687
7300
4201
435
2366
7784
5777
4068
4309
7002
3426
635
547
1551
3372
9927
3580
2646
1988
9948
528
4839
3079
2888
4915
3720
3310
9125
416
6597
658
3955
5407
7770
7769
5839
1380
5520
2673
5056
2480
4960
4
663
1828
6552
7071
9451
6814
3593
2854
5817
8933
2758
1847
4220
1312
5519
8645
4473
6651
3651
7712
6343
9471
5228
2776
3781
7533
8547
8060
9973
6932
7468
5568
4835
2415
1060
8363
4311
6239
9674
3602
3003
7803
8137
6474
5921
1618
67
4028
582
5828
1308
4320
2357
1323
6632
3289
1918
8267
5533
2881
8885
1464
7190
7012
1804
252
7156
4333
8234
6977
49
4708
8540
1333
8753
7765
7859
5914
8479
8059
5944
6349
1639
4259
2543
8095
8702
7039
7679
2949
7756
5334
7469
4922
9252
5009
7821
8909
9814
9815
2844
9694
2348
8850
1259
7583
5779
1023
2570
8867
5430
6003
9787
7473
6937
2535
9824
2930
4469
3708
1549
116
6654
5285
9220
4714
7238
3618
2080
3744
9943
8950
6099
8664
5215
6250
4001
2788
3000
4959
2315
