3732
2247
9648
5427
4477
1812
2634
4682
9654
5592
9741
8947
7727
8095
8102
2593
6126
4199
8972
1201
8687
2177
1894
7151
4594
4425
6310
2995
915
2183
7561
5058
9262
9006
9185
8114
7580
2672
8408
9109
2856
3174
422
843
2079
3358
4828
1701
8700
1397
2097
4066
1161
7371
8313
1555
352
2497
832
51
5501
9639
3767
7470
8031
4683
9684
8720
8910
9987
5012
3453
5791
9863
8344
5513
1754
1051
5071
1236
9596
4609
4294
9517
86
3495
3896
1891
693
7629
7761
5083
1839
8356
3607
3216
9406
2952
2811
7396
3673
6107
2791
8712
6384
8643
8274
1298
9027
2800
9801
9301
7425
9595
455
892
5345
4249
7383
4536
787
7793
8027
1280
2225
9928
1614
7434
6255
5127
6106
8801
8240
7674
7563
3489
1818
5582
3132
1443
5220
2597
2863
7892
7828
8460
7657
2243
7901
2715
7871
5157
5568
8275
6609
5879
8080
1510
6487
6455
7029
840
5043
3899
6694
999
1061
9750
2032
6966
9073
9762
1116
5940
9316
8189
4929
134
3451
3764
2271
9370
9532
3539
7255
949
3233
9964
1065
1683
5408
307
9095
6677
4414
4379
7553
8964
1198
6829
7399
7907
211
935
3641
8109
4040
9628
8958
8419
950
7945
8059
2722
4184
7658
1307
1504
6643
5745
7766
1096
8685
348
1557
8766
667
4439
1526
4936
636
5964
8935
6622
6365
4364
9158
8597
9897
9146
6908
3604
1006
2645
733
7463
2248
6373
2492
6755
3072
6048
2321
5453
9062
6303
9221
9862
9378
4875
7441
9601
4021
7783
4985
9009
1436
6357
9820
8500
2710
1606
7496
8836
4161
89
6039
9614
4094
6517
1947
4770
1864
4587
3643
3482
7560
61
5142
9295
9219
5021
1704
7307
5502
6984
4862
5748
8453
812
15
2671
8255
361
4442
4824
6617
4900
6213
3182
248
5283
8357
3147
7653
3331
2157
3195
1341
5527
3876
6295
4678
9204
3491
6584
1529
8659
3105
1177
3866
5640
5705
4278
9275
6515
1502
145
8818
6864
2659
3848
1960
9047
3935
6664
8557
9653
2170
4827
1667
4407
2925
6935
3720
7993
9050
6870
7857
9032
5087
6241
3108
2005
6381
9643
2652
8869
8378
6815
654
3049
2522
8662
1217
2447
2718
157
9555
9920
7234
1875
6488
8278
9509
9459
2714
8769
557
1281
7465
4632
2288
9785
1776
6417
740
9954
2665
4292
4011
9688
1274
5354
4173
8617
1884
4263
5718
1273
5275
8893
7314
7936
1798
3212
9752
4830
2495
6922
6928
3883
8311
7096
9350
6021
761
2736
6885
4799
1707
2763
7491
5263
5909
7545
600
1133
4104
7574
8451
3050
9284
6006
8571
7317
4351
7987
8564
5910
7459
5743
7363
128
1377
4178
6004
8151
7855
9148
7377
919
9566
2511
1402
2050
2027
4253
2611
8619
725
1602
9347
8476
9026
1089
779
8704
6409
4749
8321
8134
5797
5303
1747
7899
5780
6168
6422
5129
5953
3037
8426
1074
2130
9718
7169
5266
2324
3734
8045
5184
5857
6395
8887
9296
2350
3088
5224
9447
1445
4398
9055
2785
3768
7207
4150
6246
8084
6188
4771
8565
921
7401
8701
9308
7594
3609
3437
4084
1015
2367
88
612
9446
5352
9012
6484
3818
3334
9904
6506
1591
4027
2018
9345
5949
6287
7514
1115
6078
5649
9764
4556
413
7292
5474
1485
594
3041
5494
1615
6010
7361
3383
6688
2696
3156
4302
5138
9761
4266
2854
3584
8265
6973
6893
5382
9356
3359
6094
8006
5365
2602
5532
198
2154
9877
7526
5890
776
7840
8289
496
4230
644
5330
6648
2792
8526
5977
6316
1383
6910
971
2148
318
8581
6103
1237
9682
4187
5520
3688
9354
8017
4085
7163
2957
5606
4424
7611
3871
3490
5014
5295
7768
2743
6249
2707
566
2780
2882
6343
1689
3982
5692
4561
8050
1836
1296
1423
4652
1093
3653
2769
6807
2626
1245
9485
9834
2919
8787
8365
2445
7893
1896
5675
7575
2332
6051
8530
9116
1406
2637
7345
7665
4035
8393
4907
3770
3128
9218
2396
1360
2526
961
7867
3622
8806
3222
731
9860
4095
7977
9243
6089
3795
8885
3671
4260
5371
6122
1977
2246
131
9462
7210
8590
2852
6882
4927
9149
5658
3227
5496
535
3149
3418
9708
8709
7245
5307
8384
1545
8541
9367
8421
7946
4597
3716
4164
816
3096
419
9114
2394
1498
656
5031
6339
5804
711
8436
5800
6016
592
3259
5735
252
4552
255
8126
814
3592
701
1590
95
8788
8254
3166
3691
9640
1494
130
5077
1421
755
1919
9051
3677
1291
8968
2580
834
104
3566
2404
7354
1337
7981
983
4956
3908
2689
2282
6827
8413
804
1403
1868
4387
7698
3173
2112
1070
6942
5886
5515
1838
4979
8333
6577
6835
1845
1011
9866
6528
6383
3290
6917
5185
2708
7585
8670
7848
8249
3008
9951
515
7183
9289
5794
468
9763
3162
9127
6518
9498
3001
2649
9455
7331
5854
436
5815
8546
9318
5484
1097
781
7988
9404
6387
5768
8037
7265
8830
5028
7817
8318
7288
3242
543
102
8322
9865
1451
7418
2184
58
5228
254
2815
7412
2433
4461
632
1698
8191
7806
1063
3376
3805
8481
4573
668
7972
4831
1137
42
2612
4385
5272
8443
996
7474
5619
9646
3363
1159
9102
625
4368
4395
6619
9096
431
8244
9479
6726
4517
4042
6877
6749
4211
5227
4090
203
3027
7161
6017
9636
8166
6079
8544
2001
1718
2217
4703
405
9742
6300
3576
2654
946
2181
6140
5793
1717
6478
3431
4235
6613
1593
4118
7068
8890
2749
7598
7670
8350
4759
540
551
6242
4508
9813
3637
3528
7135
449
634
2572
9573
9265
8021
6886
1367
4299
3157
4734
1844
5775
2834
408
7599
5148
5813
7656
257
2071
7949
8817
8642
3977
394
8032
7209
6665
9794
707
5634
6164
958
7494
9625
4727
4050
1601
9276
8696
4776
8148
5833
161
9359
4000
5980
3270
5063
2499
1817
3930
5596
8870
6823
6988
7090
6492
4939
1136
141
6669
9450
6054
7654
6187
2928
9545
7215
9365
5281
5618
4064
7849
2664
3813
7436
571
3664
9140
7615
1898
754
7903
3722
2968
6959
5109
4336
7559
4634
1478
4107
1705
7812
3052
3725
9294
8600
4601
4564
314
3251
3774
2924
5463
9241
3827
1126
3700
9569
3005
309
8438
5755
5432
5024
5822
6939
2105
5029
7721
1570
7680
3763
6143
4852
3711
1276
5064
4539
1583
7503
4129
798
7504
7718
1282
3210
3858
5065
8473
6073
5668
5950
2379
7902
6493
1661
2496
9535
2267
2203
5243
1699
3097
8975
365
9989
8293
7940
5770
5387
4171
7929
895
9220
823
3863
5918
1607
193
2472
2733
5808
4782
3403
2043
3515
8990
5235
1925
5554
5805
4621
2307
2845
3869
6772
533
303
280
1779
4449
7132
2877
2440
1672
7716
8729
6349
9107
3636
2904
6502
7631
4180
3510
3727
1872
5180
2694
8969
9470
9490
4599
8515
8973
9993
2563
1304
7814
8022
5600
2931
963
370
5798
260
2818
1917
2201
5213
3262
5996
6575
6598
1755
8162
3407
1708
7841
8743
8736
7202
6544
5789
4490
8479
2031
1249
9925
3573
3356
4919
3808
6151
7552
3759
305
5884
6566
4728
9405
1815
6267
7437
9523
1876
3121
7213
7054
1524
6274
9585
6411
7227
7325
8439
3336
2423
3218
2335
1679
2011
5855
4419
4959
445
4984
8431
1318
9977
7603
2674
2212
4593
1725
8049
451
9018
3394
2125
7966
877
5655
5385
577
1865
2547
4143
1509
7070
136
5426
3668
7456
6767
2070
3093
364
6296
1982
27
5112
8589
6713
5287
1971
7075
3316
8284
5820
2134
7888
3541
9304
5059
6565
8770
5834
6093
9313
2538
3891
9166
8057
9375
6947
301
1760
3580
5984
850
1102
273
1987
5152
7260
2171
4433
3754
1851
2500
3292
3914
8858
7663
1594
462
5888
713
2013
1221
9422
8655
4694
7700
6368
7982
4059
8553
1903
2691
8201
4786
2419
1412
3662
1659
5558
687
1390
5874
2277
3429
7667
3773
166
3118
96
9089
2565
6496
2566
2489
6733
7386
3868
8440
4738
1223
657
6921
5244
5115
84
6800
4228
5154
1326
9830
3548
6378
8016
6252
32
7083
4209
3893
5435
1807
2554
9111
5734
9853
4915
8943
1173
4926
8172
6818
2949
1135
8400
5454
2772
746
8657
81
6317
5867
4981
7763
9017
118
4549
6236
6700
302
9659
4547
9303
2068
8668
1546
1186
5390
199
1141
5627
9302
6982
4507
6881
2412
2562
3480
9286
3043
5552
3812
9117
7573
1347
6513
836
4797
4394
4937
8225
7870
7158
8402
1832
6332
6786
1225
9559
8649
8457
8940
690
7999
3255
2339
6604
2140
1986
2755
7413
7258
734
185
6128
1095
4672
4553
5402
6746
689
1076
7348
8478
580
1645
5776
2254
9727
4393
7094
4872
8091
4231
2657
2407
811
3051
1646
5691
1026
4886
3055
2193
0
5488
8888
5906
3861
6024
494
6210
500
7686
2864
7012
5862
1758
6753
1521
2107
498
322
2745
4339
8508
264
8498
4297
810
8933
1441
85
1228
4840
298
4038
2678
3886
685
312
8207
2162
6196
1681
3125
7748
6038
1804
9888
3450
4169
8919
310
7853
1492
389
1609
9052
6125
9272
2846
2974
3183
3332
2866
9922
186
2114
582
8142
6826
7139
750
8258
9045
7990
5915
2308
452
6524
3728
6933
8661
295
574
7261
3109
70
2409
279
5181
3064
8620
6555
583
3333
8996
4201
1658
9711
4666
8085
3350
4044
1062
210
6963
2393
6041
9245
8358
6399
4205
998
7472
8071
4417
6859
5194
385
7407
2582
3312
6251
4865
5113
576
7223
3217
3071
2047
5445
7885
261
156
660
1639
4070
8156
3659
5555
3654
7628
3650
6142
1176
5245
3245
4131
3628
9884
2123
9707
7927
5425
8210
8971
8974
6428
1375
123
2333
1028
9789
4974
1745
3474
9351
6585
9067
9557
7515
8392
2232
1795
1743
7963
8573
7016
2750
2908
7524
1568
2732
3428
2251
7641
6781
3536
7839
9986
1167
6971
3500
9771
2113
4276
3298
3056
150
411
7033
5978
7176
7230
8464
2801
3106
6308
8277
6880
6139
3405
1472
45
741
7100
2285
4293
5765
1808
992
5073
3911
8474
9610
4467
1418
9796
7450
4100
5020
9177
3979
429
6913
4349
3846
5498
8584
9725
1371
7175
4354
771
4128
6118
1267
1584
5367
6654
7728
5861
2397
9803
7270
9151
5119
2594
6640
2080
9766
8305
5591
7380
1416
3435
7962
2814
5493
7519
2539
5255
3695
7290
6202
8528
5866
8733
8366
6250
4568
4515
4545
2174
5774
6347
3464
7131
4730
5095
2465
8537
8737
9850
8149
7404
3840
1978
1240
8341
9857
8504
2014
7976
4696
2948
6590
6728
3713
8062
2054
1023
9747
5788
7039
3024
388
7809
1230
8752
7464
8678
1328
4526
9726
5010
6226
4657
1673
4197
1077
3399
6873
402
1381
6525
410
5873
2979
1616
2832
8215
7953
2048
2301
1346
5944
5483
7912
6578
9187
8335
7044
4796
8206
829
8073
5961
5746
6150
9985
985
4821
4142
819
1238
5698
9314
9712
7725
6894
6794
8272
2609
3739
326
7451
5133
7916
8961
244
2194
8190
3366
2717
7666
2150
328
26
838
7085
2065
7967
7480
7204
5927
4705
2214
9697
6866
1462
249
6523
5597
7747
4138
828
7830
7188
8595
5952
7452
8521
3925
8985
9685
6887
9808
4729
6258
3122
428
4024
6747
1692
3378
732
3117
6193
2581
5887
10
9255
4876
9372
4853
1252
6184
9965
8666
7180
4575
1632
6218
4051
831
4624
2614
399
441
6902
7362
9203
4335
2327
1857
8488
6404
3798
6876
553
9852
932
1224
1404
1870
4244
981
6197
6157
5116
7597
9975
7956
3272
5449
4434
2469
2959
2958
3856
8108
177
4307
3382
1078
5667
5285
2827
9426
2754
9564
6155
9746
2361
5921
1164
5737
4086
6738
2352
8447
525
5103
5417
8463
8264
8446
9821
8911
387
6673
8458
1929
4689
5189
4801
5201
3708
3455
5703
2073
6547
1794
7220
7400
4267
5917
5860
432
5975
6822
4562
980
2933
652
5767
4458
9248
8349
7279
48
4808
8651
9458
6817
3810
9399
3344
1915
6470
1858
1511
8883
1985
813
9958
8025
8063
7866
626
3820
2268
7687
1908
7299
3445
9941
7914
2591
5616
6459
6621
6905
4906
8092
9755
9141
6884
2111
2473
8434
8390
9253
8024
5637
977
3761
6123
5728
4616
1283
3944
5042
6066
5526
8198
3919
1487
4774
2960
2533
4065
1193
3913
802
8864
5054
688
5928
7591
821
1637
9084
290
5067
8471
7130
222
1841
6045
6946
235
4470
497
8354
6836
5491
1572
9783
9848
5321
7694
585
5751
7970
595
8015
9457
8475
4704
6561
1641
905
2403
3597
2669
5594
4063
3751
8195
8628
2839
5431
1107
2100
9249
1853
2429
5177
1389
591
4538
7097
7876
765
842
7569
2241
3674
2829
6943
8093
4757
4166
5720
6156
6359
3942
2390
7122
7756
2584
3790
6375
5455
4708
9212
1014
8130
368
7717
4949
2926
8118
6181
4954
7754
5895
7337
6350
3040
4075
3271
6132
6272
7446
7416
120
6529
2416
7052
1194
8965
3616
1214
7079
1752
6036
8260
3230
8241
6436
2168
9631
1860
5247
1998
2299
8576
2939
6911
3567
4804
714
510
4987
9167
5988
4137
4681
4598
7004
6418
5360
3042
575
1765
79
417
6301
8894
677
3511
7000
662
2720
2773
7268
6179
7178
4989
3745
5881
7174
3215
9896
6336
3882
3038
5466
9337
7136
92
4764
6092
4566
5599
3459
378
7650
1682
9418
4347
321
4496
4585
1081
6293
3016
2556
3013
7427
780
9629
9855
6423
1325
5215
2627
2411
6681
2702
2034
6799
8243
2063
6463
2826
206
9575
2937
6970
8542
5991
7076
2207
3079
7138
8424
7116
3741
1827
2994
3021
987
230
8486
2551
4282
3266
492
6549
6968
1205
5366
3070
4371
5551
204
3602
5563
2156
9355
4386
6008
236
3468
9804
1880
1949
6739
3440
3973
2793
1715
2537
1456
1473
4456
8374
8371
3422
2142
783
6628
6231
6330
3196
9895
6923
7257
256
3081
4555
9324
5919
5543
6991
9097
1578
1740
8489
7072
3025
699
7882
7002
7634
904
8989
9738
1166
111
516
1581
4077
5869
6553
1458
3447
7741
6900
4304
2828
5572
854
2294
3206
5630
5313
2892
253
9622
2176
4943
5565
9586
1912
3961
5019
5708
5187
7030
3625
5284
3799
2698
8132
7878
9036
5332
8998
7145
9336
8872
555
7310
4930
1185
6930
3066
1271
2797
1334
2561
2392
2728
1652
8866
8825
5835
6135
5214
5930
7921
1831
9579
194
2120
1744
6844
5945
8420
250
5253
792
8011
1816
3833
8257
3964
2354
2487
2464
306
5404
6225
169
6507
3163
1009
4121
3608
4625
9388
5350
991
3710
4426
6851
2914
2310
7475
860
855
7009
6043
6957
1299
5434
9366
6406
9887
6716
5518
9186
336
2782
7410
6129
9431
627
3892
6465
2842
6596
5635
9550
862
954
7928
4966
7164
2309
1049
3953
4752
8944
1103
6779
9667
4524
4069
5503
6180
6847
9456
9159
3885
1045
5648
9799
9816
153
9871
1620
2444
9578
7521
1738
9817
5729
3837
1566
4046
1034
1080
8954
2002
3278
1263
5400
4154
4935
3400
7991
9513
2448
3059
7269
7823
3022
7420
481
5316
1811
8233
5769
861
7898
7707
7520
9618
6925
5686
5858
3296
4204
4120
9568
1826
3890
586
986
7466
8236
3811
3903
4527
5932
4581
5889
2796
5947
3588
9165
4271
283
5269
1366
2830
6134
6938
3090
3618
8901
7852
7803
6591
4239
9115
4783
3395
9662
3895
341
2993
5951
5037
1036
2890
9911
589
7374
5038
5296
1542
3945
6286
5937
720
5193
909
7031
6204
2363
6805
4382
9143
4928
5415
5098
8638
7027
2501
8579
7319
2555
6261
7971
294
2006
9931
7457
8364
3175
5147
2083
8920
8308
2950
6685
8203
569
2437
3692
9806
3803
8493
9753
7298
4270
8219
2329
4172
1824
1413
357
3976
4451
1685
6245
9781
6495
9484
2147
1952
8824
4275
7923
4881
1106
4279
488
8202
159
4093
1288
9754
9208
4136
8452
6789
7868
6593
6205
752
1942
7751
7308
7605
5446
3943
4406
2304
718
3954
925
2155
4273
2151
8256
8492
2300
7286
5348
1021
6407
9163
893
5325
4813
8646
1012
4378
4498
5863
5712
6952
1931
9225
2290
3686
5418
5450
22
3661
6583
3412
7535
8921
2687
700
4878
1554
3586
8188
1262
4314
6712
3505
7243
297
3516
613
9002
6170
695
7219
9786
4904
5135
5477
7285
870
1664
5234
3477
9273
2660
8853
912
4450
229
2513
8785
6442
5121
7114
144
5970
7241
6840
1702
2900
5796
9743
6076
8636
902
391
2650
5713
3743
8270
3766
4291
9230
6563
8090
8496
6244
2391
9035
9827
3756
1519
17
126
6636
7570
9759
7881
2776
2275
6771
514
2676
4097
4207
7883
4210
8745
7121
3343
7041
8808
2115
6634
1130
5695
3617
277
7129
4531
1348
8983
5814
1724
2185
5041
3621
6358
5730
4579
7938
5807
5373
9247
6040
448
6415
4475
3814
3466
4655
7424
8856
8820
5151
5546
643
9675
6534
4226
5226
8937
7020
8410
2527
8302
7558
683
3078
7536
3191
1029
1088
3004
8116
5539
3248
2348
4760
5736
6221
8469
5086
9338
3712
2227
7630
8113
4692
6256
5051
7119
6663
5665
8931
6907
9206
4457
7639
1559
9661
8686
6588
9952
3649
6790
2081
1313
1959
9870
2631
1422
9478
9307
8802
3458
2
2180
9283
8196
9948
8096
71
7289
1562
6392
6354
7447
9676
5026
8602
9847
2274
3980
6032
4487
5241
6186
9624
5099
403
1556
9403
3781
4628
4
6719
4791
9751
5566
544
9287
4452
705
3952
3970
4986
3015
9563
5460
2855
3884
7664
6462
5989
5355
4891
1787
2196
5622
4820
5218
2270
8427
4411
3626
8730
1852
5200
1734
8918
3139
3875
8603
7586
766
4543
2697
7126
3289
9577
8161
5652
7499
9549
8829
5885
6742
4258
1050
9540
2729
5176
1351
7711
3322
3834
4200
3518
4054
154
1577
4113
9152
3502
6199
7701
3946
3033
6397
9616
470
4857
3501
9414
7353
4283
3337
8381
9966
4327
6031
7624
1830
6587
6531
5320
8615
4839
7102
2558
5413
9246
7225
9343
16
4639
3444
5732
369
9175
6834
4402
7915
5279
1202
9809
3085
5149
1098
1058
1565
5841
1437
2668
2139
6015
4580
7191
3786
3086
2927
2883
4469
8673
4677
8155
7498
3966
4509
9411
8213
3102
1353
1984
3073
1719
4468
3063
7328
6722
8211
1899
698
6022
9999
2222
4028
4192
5645
1163
3568
425
8159
5924
6013
852
4661
2595
4117
8459
7614
9819
7141
8691
9982
5598
3267
9412
2098
181
4043
4903
5461
8681
7238
9893
9195
8631
3762
6413
3538
7050
6954
2430
1181
4826
4202
7662
6758
1108
7500
3936
1030
4415
4916
5001
1301
8112
8360
5165
603
2228
5685
110
9385
4614
9216
7782
6573
5023
8702
4766
9737
1846
5957
8164
5416
8622
9429
7428
9880
9037
7058
2932
5363
4530
8229
7389
6416
924
5198
7847
9164
6298
3318
4646
2881
4902
7583
8797
9955
4542
2751
8744
183
3640
9660
6536
3583
4975
9773
1748
4491
4148
2935
947
6929
3345
8122
7842
5719
9198
1648
3327
8592
6915
9103
7490
5523
2840
2126
9997
6042
8343
872
1967
6635
3026
9192
6420
4908
7771
2523
3209
6263
3755
8060
66
1700
3831
3456
6625
4088
9003
3347
7375
7539
7212
2915
684
1944
3889
292
9961
9719
3179
9603
6787
9779
2519
1918
2762
8135
3178
23
189
8041
4341
3339
232
9608
1849
5578
1810
4170
9774
4160
7753
3737
5544
9400
6559
9048
7092
5293
6364
3224
7505
1921
4952
6480
2250
9487
3850
9994
4938
708
6112
2144
4613
2872
382
9441
4479
788
1481
2041
8556
1936
4168
3726
8625
8072
9889
760
7523
2528
9960
7324
1693
8263
1621
8098
8340
1750
3009
2841
8064
6924
769
3578
9908
1871
5832
1914
8477
6313
818
4620
2085
2911
3057
5191
2786
7576
8786
2417
717
5783
8
5068
6754
8950
52
5452
8417
9778
3137
5308
1970
4087
8529
9665
97
9784
2873
7159
4308
9635
3957
4295
5033
3127
6059
5550
530
6119
8370
7891
7865
3134
2859
7604
6774
3007
9978
8246
4551
8429
619
5998
7792
5845
1157
6651
4778
5850
9150
9488
663
2179
6098
7181
6062
5528
806
2869
3307
8984
578
9463
2020
6764
6447
3390
6355
659
6120
9279
8897
9594
6220
3381
3819
4698
1650
351
9251
2656
247
24
4874
2711
473
5731
5292
930
5403
1543
6248
3275
7086
1549
7948
2432
2532
2169
6198
6096
4139
2574
5831
8002
9526
9254
3975
4022
951
3509
2907
8087
8328
851
7023
2903
107
4317
3545
4016
506
8917
2442
6109
541
8568
7057
5541
1212
2323
8641
2623
9620
4485
3136
2062
2550
122
2498
6896
9990
6571
1580
4841
8632
8133
1895
5846
7818
8776
716
2804
8182
9756
9297
4029
9305
2395
8445
650
2600
503
7067
1951
8970
7369
7482
608
9
2560
1241
3783
4243
3103
1833
7318
2742
4430
1039
1430
4488
1314
7483
9325
1391
8778
3172
9147
2455
2740
9437
5102
1469
4236
9291
5251
1127
6072
3988
5938
7357
9121
2805
3234
9849
5004
8375
3297
4145
3185
3594
1975
338
5662
6944
6114
9467
5318
4790
6854
7408
8682
9934
891
8234
8214
7693
5994
6765
9310
2037
3146
5868
6828
6690
8359
7247
213
3421
8329
567
710
3779
1726
5995
7969
4391
9349
3204
7140
1220
1140
5644
4816
1431
8119
1854
3243
2531
3683
7479
2439
9551
5688
8652
805
3246
8599
4251
5489
1476
5878
7341
5155
563
3310
7777
1626
9645
5660
3488
3409
1438
7160
8179
2312
489
1398
3660
5169
7509
415
7894
6558
7179
5517
2629
5682
5902
7376
9780
3904
373
8405
4662
7925
2991
8482
2286
6086
420
4366
6992
4838
4999
9524
4480
3680
602
3053
2894
1179
143
858
7726
5462
1257
4110
3354
1938
3472
7618
1560
6687
5222
6623
2191
187
678
2221
6773
4842
7226
3929
2858
2848
4559
3638
2234
1008
9041
8250
7831
9371
4109
2875
2278
9464
3228
1569
3967
9268
2504
4459
3360
6979
7005
1935
6548
7778
4714
3922
486
6159
7731
3019
1297
2989
9936
5589
1134
8441
8058
8874
2019
329
7167
4700
7103
939
8514
7646
3481
630
2744
5328
4667
7673
1188
5414
6655
5048
7402
7403
5851
934
9043
5567
1697
5343
6454
9292
1649
1056
5334
9274
5000
4520
9493
1203
5687
9992
315
3388
5273
3633
1538
822
1587
7177
3630
2330
8273
2636
3765
9721
9714
2402
3443
3065
4177
398
4511
8175
1369
7162
6736
2929
3563
7355
6550
6259
3060
3872
6491
7274
4447
7278
3792
2536
4281
4763
7688
4096
9598
7996
6081
5202
2153
2768
1032
7148
6706
1330
1695
6721
7762
9861
5
3906
648
7276
2238
5639
171
7087
7577
8832
7757
801
4631
178
7681
907
1104
5459
5242
8079
5948
841
9723
7682
3791
5006
719
3842
4483
2596
6176
1617
1627
3937
2089
7584
9098
9201
5405
2662
6290
9527
7854
1365
4020
8807
5795
3912
6335
3197
8507
1514
9065
6461
82
8699
6903
5324
5470
9415
7542
8583
4590
3544
2344
1183
7551
4091
2205
7607
5130
2104
8177
6340
6200
9452
1622
4056
4554
2781
450
4649
8783
9105
2677
2857
2699
3789
1091
1773
3220
8558
3878
7203
6144
1730
4711
2399
3821
4026
7651
9867
8653
9878
2028
7835
9837
9481
5663
6846
6121
6763
6388
1753
8902
6554
7306
997
4072
8855
8831
6734
278
8988
1905
1843
5700
8680
1850
6061
2599
7722
2642
6067
7699
5624
4608
745
9004
272
4252
2466
4215
3835
9612
337
4663
6207
1156
5669
7388
98
3219
7392
5508
7056
9497
7449
682
7
9332
3484
1788
8677
8624
7556
1470
6683
9520
2186
2016
9715
9319
616
7527
3379
7564
8373
3436
114
2887
6273
4248
5575
7671
8927
7872
5120
7244
6662
1258
5122
966
4254
1172
1150
7196
1060
9182
6521
1018
8582
409
5986
2688
4344
5505
4957
7773
8821
4079
319
1711
7764
4583
3282
5511
1321
8304
245
3308
173
8930
2057
5237
9133
2318
6879
165
3916
9363
9946
7093
1495
817
5826
1990
474
4134
2197
9905
8683
5442
7952
9124
5764
9393
5298
666
3918
3152
7127
1460
7713
9228
300
609
8658
3187
6278
1828
5381
6692
1848
4441
9812
8077
3880
5159
4909
5479
3547
2778
1211
970
6214
7652
6444
465
2577
3115
2553
4726
2218
4301
4012
8667
920
5140
3749
7708
1763
1232
5480
293
9346
2398
4961
9153
845
5625
6969
2302
7862
2512
3907
4868
790
3283
384
5422
4007
975
2524
2077
2175
1767
3140
6269
9038
4793
8430
9709
605
2017
4089
7529
6510
5701
5870
615
9100
6600
4445
46
874
9407
127
5876
3575
8598
9413
5997
674
4817
5773
1749
3549
5286
2223
1910
6473
5897
3553
6540
9663
9730
7863
9108
3098
1874
9053
9704
1016
9940
8351
598
7497
196
799
9623
7035
5849
8153
393
3291
6768
4880
4453
5289
1117
7073
6439
1079
774
4864
4055
955
8929
3177
9157
444
5359
2683
6345
7034
2038
1674
5158
1945
7152
2712
3924
5524
3527
3092
9008
1500
8860
9678
3740
940
4465
9706
7859
7334
6983
9169
8485
271
6279
767
3777
2734
4922
3611
7550
7187
2121
8287
4158
9223
5936
7435
242
8540
2942
4372
2821
5612
7513
5329
3151
8857
3389
5883
6438
671
5212
3898
882
7015
7055
5519
2491
4800
2280
1980
9238
2508
5760
6053
1709
1955
366
7118
6804
4181
4642
2059
3176
6709
3410
4894
2638
1993
2837
6576
6837
880
7844
5305
8397
4156
6689
7712
347
8715
8688
5137
7638
1881
5537
9504
3415
8780
281
3165
6682
2457
6797
2051
4779
2552
1867
5697
2291
4149
8694
6916
1548
1310
4429
6432
8760
2899
7430
1489
7182
2680
7968
6499
9839
3087
1124
4723
942
572
4851
3364
1508
5611
2368
6018
8967
8266
5108
480
1120
8948
6995
4571
2454
6348
8222
3304
5824
9031
8047
9980
6421
8334
3605
7342
8534
3550
8160
4256
4242
5859
1040
2879
9921
9063
3909
8200
3917
4946
9543
2146
1605
8461
1020
4191
2888
1292
9650
944
6490
9410
2542
334
9633
3214
6472
2095
5327
1937
2810
4422
19
5144
969
3232
5311
4338
9627
4550
825
9443
3111
8127
1387
6848
2136
7640
6839
9698
4785
5361
6766
1345
7636
9309
3859
5022
5294
7714
2389
7873
9988
2216
6998
6918
3747
3287
7740
956
1071
7750
6697
5467
7710
4081
1766
2576
3104
2943
9967
642
6410
6752
6729
6679
2788
7272
8596
5111
4060
4342
3993
6012
2705
9664
8013
6055
8226
4617
4715
7060
7352
4998
1540
4486
7495
9472
8882
4895
6977
9099
397
1825
4190
447
7819
9264
1684
4867
2541
493
6546
8554
479
8444
2452
5818
3684
6469
9130
9078
5326
4318
8030
7231
2276
964
2865
8978
1882
4010
2606
9162
4454
6646
8871
2730
6403
6762
1350
6557
7358
3463
5392
7703
4574
1213
176
8725
2953
4706
7248
9915
5447
2505
4015
6372
7696
7730
3606
1491
4002
117
6307
3240
9057
3449
2056
1536
2468
7821
6104
9259
1376
3624
3517
994
4523
8782
703
5401
2725
537
7632
2401
5301
7905
2923
5409
4182
5262
1151
7943
7637
857
918
4977
9722
2012
76
460
1352
8811
6172
5585
3010
3703
1480
1354
6419
8407
7955
275
3371
653
2462
7909
6149
7541
9020
4932
6160
4194
9502
6569
9677
8317
1736
6704
9807
2235
8547
8881
7003
4854
8746
2279
3314
3526
1922
151
8934
7805
6271
8611
4748
2784
5946
2731
1123
6020
8993
655
1372
8367
4234
2443
6185
3881
879
826
5976
2488
9382
3760
6831
6775
8899
5963
2110
9694
106
5983
7232
6481
2408
5362
795
4732
8330
296
2535
1820
5955
2224
57
8672
3385
7897
6216
8227
5344
4367
2204
5979
4962
1775
41
3448
4073
9137
7218
8279
3256
4492
7221
6002
1525
1588
6052
6483
6853
7917
7947
2353
2064
3374
8212
5156
2431
6087
8401
9081
3426
5574
4039
8192
1317
5055
1490
7590
2284
6464
9270
4153
5926
1192
9001
8140
3826
673
846
8738
9094
5500
6163
3854
8136
6371
6527
8138
622
9087
2549
2456
266
4901
3192
2998
3082
1973
3167
6082
2534
7973
8480
4404
5339
9320
8363
3613
8719
4333
3258
8822
435
6751
8283
5374
2260
5252
6467
8014
8345
2366
5219
3557
8593
4674
1823
2507
9939
8296
528
7321
1222
197
9029
1479
7146
4019
868
8026
775
4664
8428
5060
538
3546
9477
270
4724
219
5246
5045
3920
3996
2849
9732
5920
2559
8722
8038
6782
6978
5482
9079
4213
5816
8387
6926
3475
9996
4105
5615
7415
3023
4699
7343
9898
2424
6962
7562
8861
5829
7208
8262
5759
7018
1507
4544
190
324
6091
105
763
2240
1690
3338
9439
9428
8520
1516
6501
6955
2049
7645
8346
5907
9574
9979
374
9257
5754
848
158
8922
2078
5560
2253
7589
796
8531
9745
4186
3184
7647
9449
8146
1200
3506
849
3829
5457
9554
2564
9011
8777
6541
5179
6574
6650
6535
2628
7414
9538
1293
9793
4834
4287
5699
3274
9910
4269
1571
7107
3080
4641
8043
7347
6175
2072
3145
6282
4062
8849
3260
168
5842
5100
3679
6285
4896
7739
6647
6433
9168
3529
8986
4443
4103
383
8268
5792
8167
3143
8231
2200
3034
9683
3126
6146
5046
5553
7113
5319
2058
8399
6065
7975
1138
7267
9104
4071
6326
1997
4237
5522
1154
1199
472
4034
2544
4744
2166
4866
7555
5561
3000
8606
4036
922
539
1027
4067
3738
1132
9957
2967
6068
4403
5935
1768
9327
6035
174
8396
7845
1512
1506
1791
367
6435
4719
8099
5104
8377
7534
9791
5740
9326
5967
3076
9515
5070
2867
7528
4312
5610
7935
332
1797
311
3362
1720
2573
3801
8545
1761
3028
2236
7153
1147
3620
7804
3265
119
2765
1218
7794
3984
5232
1477
7186
5882
3663
1409
4643
3368
573
1316
3968
509
3681
542
2587
8435
3960
2548
7738
550
6044
2258
2898
2579
2799
7421
2459
7850
7984
4380
3915
8187
3231
9511
8995
3120
5003
2319
6479
3461
2341
7089
1777
6612
9909
9468
3320
2692
9184
4602
4114
8923
4965
3433
5538
564
7254
6099
5079
6788
2917
8075
2515
3150
7568
43
6026
6666
5819
926
6009
1647
6475
6327
201
7695
4769
8008
3014
6526
9938
6545
7989
8879
1362
3141
1435
2861
5173
8960
1600
9873
5271
3113
6675
7547
8018
9381
7242
1190
9066
284
5199
8194
9615
6849
6989
6672
4300
3815
9389
1842
4193
1670
5170
8676
3002
6644
4673
2252
456
6861
3782
7786
7627
6264
1038
5009
8665
4765
4925
9425
3357
8826
237
8562
3301
938
3847
345
1999
3095
3723
5406
6247
160
7367
1315
968
7571
875
4216
3100
8199
3110
7149
9448
3478
5825
2198
8235
8731
9537
133
7038
2127
6152
1464
1535
9056
1983
8698
4127
8056
6137
2909
8416
5049
9358
4334
6920
2966
2326
1160
5050
5497
167
9945
2383
3295
5605
8674
3030
4233
8669
5872
3047
6602
3742
1920
7201
2135
9155
208
439
7303
8987
5124
502
777
888
3656
5288
7537
7051
463
3470
2477
3849
5078
3623
5702
4188
6601
5939
227
4755
1017
3598
6698
1357
8128
5601
6792
8851
5017
8319
6748
2525
3963
6136
6878
5074
6699
406
2471
5190
6033
9395
2681
9476
9193
5208
2106
791
7461
6283
1428
4112
6380
2646
1454
1721
94
9844
570
6696
2803
4569
2862
5471
9427
965
2575
9402
2920
8569
7784
8269
7315
9046
5250
5092
1187
1680
7743
8078
2052
5891
7173
3873
6288
2871
9199
5265
2474
4745
4324
4355
9927
3094
1361
8999
4521
1268
4493
6582
5259
3
344
9222
6391
8572
2055
5603
3193
7320
4489
6
5088
2470
2956
5132
6868
4969
9409
1597
7405
3419
5654
7419
6130
2046
1368
9473
3523
7685
6325
9519
9432
8892
5877
869
3186
1290
7683
9787
560
7462
3581
7724
5784
2608
2682
5904
7890
5806
7237
9705
8913
7887
1989
152
3647
6379
6603
7104
6824
9571
8750
6344
8382
4940
6607
8019
7469
6841
7596
4720
9090
8640
5752
8012
4340
4933
9118
7512
6385
2679
6240
2922
4257
6489
4535
9202
1216
1859
1207
7951
5646
8184
8903
959
4410
1410
728
1633
1170
7423
9469
9702
5579
1866
7785
5166
5353
132
5423
225
9748
6110
1278
1941
1025
7228
1964
9179
9815
7008
8608
3045
2000
8123
7924
8069
3689
3181
2117
2435
3978
9703
7448
5209
7222
6377
1210
3044
2365
3123
4802
2376
3694
8939
7619
3154
9483
7336
5110
1484
1158
7484
2598
9973
534
4945
4684
8379
8741
9435
5217
9717
2084
4174
8708
4892
4023
1965
1520
7522
2850
1969
8076
4537
2651
4132
4405
9983
1440
7439
680
8612
8422
8394
2980
1467
1312
116
9507
5716
9525
7978
5577
4798
524
8799
6842
715
1558
63
7185
9033
3685
6735
7322
6299
4963
7964
443
5441
1075
9082
363
3635
5621
9891
1329
4845
2578
5653
2613
6281
4360
1113
395
1878
6451
4268
4008
6117
8848
6821
8061
7378
8798
2384
4162
2418
2060
9797
2425
3513
7566
948
5643
3601
6453
1453
2568
2022
5376
7106
3698
8082
9669
4953
7007
1640
6519
2506
1837
6863
5942
7168
1174
5025
3392
8101
3730
286
8724
9956
2891
4589
2640
9933
521
5562
9433
1152
911
40
2158
9919
8494
3119
7910
8386
645
5364
6975
4675
6084
7774
4788
9171
1112
6981
1209
9788
7813
9444
2096
36
2783
762
9260
3997
9875
6280
7780
3446
6477
839
2723
702
2986
7381
464
4777
1308
3610
856
5968
7934
4879
670
4832
453
3535
6100
7065
9194
4805
9397
4369
9019
9845
4435
4323
8812
75
9231
4277
3129
8009
2790
8928
4534
607
1515
837
9139
6034
8664
3018
2695
8029
751
5903
2023
4217
5925
2010
8437
5693
3420
4357
3032
8141
4823
7063
6275
2449
2851
6641
5270
6412
9542
588
9825
1355
7485
5105
2870
8814
4947
49
3521
9465
8963
3496
5280
7032
8789
8154
8007
2317
7746
274
5642
5080
1256
6324
7066
359
8601
1184
1608
3534
3017
9191
6494
1656
8711
5091
5556
2108
1513
5143
2428
3785
1168
4548
2643
380
830
4586
6512
7719
4659
1771
5351
1550
5710
8035
1099
5039
3494
3305
4747
6715
3921
9907
2779
6811
5315
7808
1266
1178
526
6446
2298
1082
1054
11
1279
8303
3397
3261
7250
8663
7877
5673
6230
6178
7194
9293
8654
1379
9503
4869
9953
7275
5916
9757
1862
2737
721
5069
4206
2831
478
8173
9471
2347
9592
4741
2074
4964
1399
3642
2802
8312
9859
5225
8548
5398
6314
1100
5900
727
9054
7995
8083
9010
9461
2033
1829
5396
6745
5810
4636
744
9744
5595
672
4588
5036
316
9735
617
1083
7302
6798
3365
5478
3704
4905
1802
7779
8406
9942
6997
3718
1618
2461
2040
2213
7684
5761
3877
7295
3084
8896
6856
6367
3346
8841
1242
8886
2569
2985
5580
3956
637
4353
1247
2237
6011
5204
2025
5672
1270
3372
4518
8775
1821
8066
7384
519
8259
9501
5838
6322
1892
4762
2607
3130
6171
6253
1628
9522
6906
223
8716
4516
3268
4739
4758
8868
8036
8793
8764
9039
2283
7856
6229
8033
4183
4264
4413
7282
8051
392
1432
4638
8369
9390
4837
8690
2661
3836
3537
6589
4767
984
8139
6883
9562
3313
1586
5436
7643
7360
2586
427
3281
2514
5076
9840
2502
6077
9768
5300
1250
3142
6875
3865
4455
31
9071
2119
4710
9567
138
4850
7088
7525
4815
8046
696
129
9285
2164
5987
4887
3411
4221
4384
8784
3077
7582
8637
5370
7133
1068
4923
2620
2653
6810
2543
3158
3941
2369
5908
2896
9548
4045
7350
7533
2342
6277
1643
7157
2632
4541
2093
5609
6718
149
1642
9423
2458
4376
3809
8536
887
3644
4651
7557
1994
2567
5256
1924
1090
1393
37
5549
6227
5852
3279
3556
3596
6504
164
6784
7429
7776
2822
4519
9642
5249
3838
5982
2161
8129
8327
4888
8055
8000
723
327
325
1311
6862
4914
7985
3590
1793
9969
5785
2843
4124
9000
8523
2546
9943
4074
7095
1129
8001
3947
5620
9016
8299
4013
7679
9288
8232
5357
5061
5101
3253
5053
4695
9232
5203
7926
5772
4408
5368
9841
4592
6124
7109
1324
8324
6102
1110
8953
1333
6166
5547
6115
4630
5207
192
611
6958
6769
9352
936
9239
4179
3554
2042
1561
899
6025
3391
8982
917
8342
7816
4390
35
894
4654
8372
6744
3987
1533
7125
2249
215
376
8111
4155
353
9876
5590
1286
9854
4175
4849
7124
7836
5584
5052
579
3599
172
1128
7477
9380
8610
2039
9609
3469
9396
4921
6369
5901
9092
8804
709
3867
1171
7826
6441
8237
7889
6686
1320
4310
3841
1731
440
2709
170
2876
7028
1531
6111
9214
4781
2269
5499
9312
4835
4577
3589
2053
9161
4707
9170
9211
1408
6645
9874
2210
1260
4350
4144
5588
6183
2820
9606
5238
109
8900
1284
8362
3631
3330
5711
5504
3058
3901
1380
2588
7548
1653
4941
5837
4871
6312
8952
927
9377
2346
3565
6676
3317
6940
739
770
2087
4106
610
3830
146
8337
3562
241
5847
2334
7930
1069
3986
7874
3561
7047
258
7958
953
9061
7960
5233
6070
7017
8915
4400
3670
635
7048
6624
6514
6289
8144
2761
9215
8409
3972
6069
8543
5034
2647
9656
1796
2133
6965
7283
1335
4565
928
7443
3205
6154
9311
5990
9638
4331
2503
3731
3083
9687
5722
6656
4462
1373
461
4691
6165
8152
124
7211
308
7811
5146
476
3226
2954
6777
4418
3560
4497
5911
599
1342
1564
7155
1806
6243
9417
3531
6511
6532
6707
8290
466
1926
8106
3188
3845
7024
6891
1742
5178
4058
1182
8425
2955
6743
4751
8097
885
581
8010
1635
4195
1890
5709
4814
1582
9383
8497
2293
8310
495
1553
1883
6430
6474
1073
4274
7675
3989
3340
9652
2835
9599
8591
6657
3958
8326
1847
8325
6904
3020
5333
6471
180
8727
9583
6888
2320
4472
5828
7869
5378
83
6631
8418
135
1022
5689
8217
1728
5607
9160
2044
4993
1206
2406
8110
200
3170
1729
139
299
3784
5821
5999
5430
9321
3326
4383
4917
5395
8383
4159
8502
3706
6684
9701
4325
7166
9438
6833
9075
978
6297
6105
9736
2766
2088
7660
7715
5726
878
9655
7316
7538
6424
7349
6050
101
379
6976
8774
6909
5264
6626
475
5753
1943
346
8295
3203
6304
1052
7344
5412
4370
9710
5747
4733
2405
3487
8040
2741
3705
1714
377
797
937
8809
4448
9200
7802
5369
2219
1254
9835
2007
9611
7489
6934
6228
1414
3748
4528
5139
2493
9172
5534
512
7602
4261
9912
606
2233
5082
3131
7543
649
221
9290
9621
5614
7330
1886
863
9028
5258
7620
5429
7356
4041
4229
8218
8898
3497
1534
1191
6580
8823
8395
1727
7752
6030
8791
809
4440
8863
8639
7851
8838
7339
9782
5162
9189
3476
381
2482
6356
5954
3715
3479
7080
9278
808
2616
6334
416
3425
8908
5473
2024
6901
1756
9376
1781
55
9672
2451
5542
8845
5656
3817
5741
929
4006
2463
356
2313
7099
4591
6724
2885
3787
4656
2122
4031
4116
729
3955
3155
6614
5096
5636
2601
7781
2944
5420
867
8281
3612
3862
5972
2257
1048
6485
7137
1429
1475
9883
4140
6260
6090
2592
4818
4506
1119
6153
5419
4931
7064
6074
686
7587
2331
3351
737
4092
2770
2690
7706
756
1888
2844
4619
2971
5529
442
507
4533
9658
3029
5340
3276
6386
1085
9023
8889
1322
6158
7365
8957
4978
5922
967
8147
5973
3306
6370
9935
8566
4653
2281
1146
1934
3398
5349
1059
8267
6996
1101
7199
5742
8648
722
4397
1208
7488
44
6898
1144
9690
522
2349
8842
517
5057
3133
3714
2625
3615
499
8338
2906
1497
4004
2686
2380
1819
4198
6177
5153
28
6333
7111
1946
4645
7327
4713
6452
8768
1468
1663
1665
4078
4847
9674
1442
4775
9226
3054
7567
4890
7224
547
2242
6291
3928
7300
6620
4122
4626
7171
6932
9252
952
5175
2868
1047
2273
2658
3068
6693
5974
7379
6796
7511
5750
9962
1517
9408
2902
6801
1840
175
3325
1678
1813
5476
4623
155
736
4232
3579
5276
6761
2893
2082
7690
87
7426
313
14
8039
7216
349
5236
4037
343
4740
8389
2229
9492
1204
483
8991
4955
7979
4373
1395
9733
9670
8895
3985
1939
7581
1450
5388
691
1197
2795
8003
9530
8588
6498
641
5282
2490
2787
9240
3213
8176
8551
9454
8959
2372
2965
794
900
5437
2794
2069
2825
3897
6500
3229
2716
1909
9822
5694
4280
1035
1244
9068
184
7394
5089
884
3888
4503
558
7745
6845
1563
3075
1638
5623
1448
3031
8292
8560
5680
549
9093
6508
7531
91
5777
3672
4356
7395
7797
9080
3757
8301
1786
7502
5571
8468
9902
3302
8298
3199
1539
2099
3639
4255
7769
7335
1143
7370
8977
2061
7492
4098
1234
782
7918
6865
4478
5195
4743
1932
5966
1463
7154
546
9644
5707
5008
8499
1037
6337
9235
621
5941
477
7045
5358
8131
9770
2015
3627
8538
5756
8695
9734
7266
4365
9074
7875
5495
195
3665
785
1676
8728
9022
9229
8966
8034
7246
1541
3211
5786
2635
6138
3247
1598
4844
5342
8909
5548
7366
4241
9267
6270
786
9963
8465
8125
1064
238
7838
9334
372
9713
7036
9277
4990
2693
5448
5581
7613
7600
847
4286
6919
1419
5210
1668
491
960
6899
7758
5657
562
2713
1885
3853
2118
3571
6131
5965
5771
5651
8306
404
7359
5864
3806
8763
6757
4665
3542
2727
2704
8585
9387
8865
8692
4288
3825
9475
112
4829
3690
8517
289
4825
8238
3074
9882
8276
4157
1741
4960
6401
9832
9760
8158
9657
4389
8385
5312
9767
1783
2226
6867
50
421
9589
182
9132
2789
8228
9154
7789
4316
7398
7677
4514
6239
285
7256
3733
1323
7287
1631
9802
1861
6597
2819
4423
5787
9145
2655
3931
908
6629
8332
6953
6425
7252
1287
6611
859
6639
3655
9984
6238
125
4337
6838
2446
3380
4463
3667
6999
2315
3807
7200
749
8088
1219
1687
5440
2484
6556
6108
5717
789
7669
7801
3003
7195
1923
8843
68
430
1175
7944
5164
2259
1457
4604
1671
9777
8286
1669
7601
4108
8506
7744
4991
8739
6323
5131
6857
6759
1735
2021
2823
438
8094
2143
9505
7770
3485
2758
8044
7939
2137
5062
7911
8925
47
5757
5727
6311
9384
4099
74
4803
1655
1913
735
6162
2316
3752
3406
7742
6872
8519
1356
9499
5302
3855
4970
1782
4298
1396
988
3658
7387
7013
6088
8314
7959
4648
2752
396
5586
4146
6019
8794
5778
4768
2094
3940
7825
9686
5379
9529
1834
1801
9500
8205
7729
8684
2129
6320
99
6731
2124
9846
8124
6509
6141
5670
3950
3645
5545
8609
4809
9391
6560
1105
5205
8086
6551
7506
1809
2211
304
7192
1277
9210
9322
2726
9234
2889
8578
4083
163
8629
2486
7062
6874
2520
4115
8048
5464
2188
4321
1927
3687
1751
6615
9227
1302
596
4658
3101
3525
9379
532
2263
5134
9974
640
7672
7937
9856
9269
1654
375
467
8068
8462
9059
7391
2355
5943
6671
7992
2509
7648
4606
5172
6208
3574
7732
217
6714
6678
3796
7829
4005
246
2264
6703
9236
7775
890
933
1552
8005
3771
5840
6169
2427
4731
2764
1447
8105
4756
1686
6832
8053
147
7795
1575
3702
2182
7709
331
3319
8163
3402
4529
6850
3067
2940
548
6351
214
742
5117
5114
4951
6520
4944
3091
5097
2128
5347
8577
8772
4374
1576
5107
8331
484
3138
9101
9899
7061
8884
9689
6897
7364
2479
8376
2945
8771
3375
4130
1433
4047
2377
8852
5733
7197
4303
1585
730
1988
64
7284
7622
3543
901
7277
5661
162
4176
8740
9632
4546
8483
1243
889
5171
7691
7954
7655
9881
3169
7108
5631
1916
7098
4436
4789
906
5509
8816
4578
8753
6579
8790
3288
100
556
5801
9971
6361
681
7198
6027
3839
520
9937
9440
8115
1805
639
400
6366
4320
4377
7931
3328
8713
8924
362
4863
1378
7807
7920
2091
2265
2571
5681
7115
1995
7965
5239
2187
8723
8315
1285
692
2003
4522
9570
9258
5346
2951
7623
2847
6793
3335
2540
7042
5299
9025
4647
1634
7884
5617
7120
5576
2806
9434
2004
8171
6429
4612
6189
2972
7621
800
3467
8432
3851
1780
2817
2438
9058
4147
768
3572
414
5856
5540
8391
2338
7205
9924
5993
2245
21
9445
1579
267
2816
2604
9271
9765
5608
8074
7579
1459
620
3498
7184
3349
5781
5893
6456
469
6725
4329
90
226
4152
8819
4685
4717
4742
712
9749
8505
2262
4481
60
8178
7950
8626
931
697
9758
9716
1331
1657
5583
9728
8762
8518
7481
7001
1215
7578
1675
233
3148
9506
5823
6194
2897
4345
115
1002
9261
1094
7010
8355
1226
3524
20
2978
4227
9340
6219
9798
8197
6503
5811
8247
7800
7229
3676
2735
9237
5188
4980
2666
3012
2878
4567
4141
2905
8742
6570
8926
6843
3900
2930
4701
1031
4633
8827
4976
5314
9299
2336
8815
3311
2947
2075
1957
2261
5827
8795
6795
3593
2996
1589
5671
1255
6701
6785
8697
1122
9398
5056
7554
2090
9772
9364
3099
7704
12
4416
7406
5531
2400
7312
3828
4859
6182
262
2415
8316
8616
1979
4855
4240
8813
5389
5536
2045
5380
7144
7736
7922
4897
1523
3257
4009
2328
618
8216
3717
4584
5803
4017
9724
3719
9514
3348
9950
4061
6538
2375
4982
2067
9300
4924
1612
9005
6816
7193
6740
228
8501
4359
6720
9617
7304
4285
6809
7340
7735
5510
6292
7974
6486
220
3273
2973
4238
5506
866
5486
3675
527
1703
1272
5310
7668
8309
8185
1349
9800
1289
4893
485
4326
3036
8718
6466
1530
9903
3744
9576
3473
7263
4246
2977
5766
8689
2757
5679
864
2777
4784
5013
6780
568
5472
1149
3201
5659
7078
6445
7755
2997
9112
3321
6405
8614
1574
5394
6448
694
5126
2964
2337
773
4076
1010
1911
7468
7919
5632
4388
2231
2685
876
4843
6047
9125
9442
3894
4650
1024
8980
7593
5744
8810
6951
4560
6342
1004
1954
824
4885
4068
73
9851
7251
5557
3923
1958
9436
7442
4607
7530
4101
5782
2109
590
8847
9224
1573
957
6309
3492
8253
1111
1251
3200
3788
9173
2413
7649
9916
7720
7101
6376
647
9113
9197
1306
8511
726
7517
2621
6813
4670
1405
9634
2159
5696
6674
9341
6028
883
8644
1547
3697
6408
9976
8942
2970
4557
1856
287
291
1087
8117
8288
4014
3168
9691
6116
8320
3823
3619
923
7454
3483
4296
4167
3189
4219
8248
8748
8168
5254
6001
1180
4401
7329
1691
7189
7043
9142
1599
6321
4049
2701
8956
5779
6950
3046
7616
3164
6394
2895
2615
8533
3514
6956
2030
1303
6814
3263
8193
8846
5323
1972
454
2296
559
4052
6083
2719
1043
4189
9740
3300
6440
7172
7697
2648
9207
4473
3969
7239
9188
205
7961
4603
5439
9886
7455
1966
7983
3648
5587
2008
9959
8403
3614
505
2373
6568
1483
7217
8414
7592
1610
9923
5407
3160
8840
1439
8513
9968
9556
9453
1227
3652
9531
5958
9647
3377
30
4446
1339
5875
3844
8633
7112
9335
724
7214
4362
188
8837
418
2630
9480
9593
4898
3352
1897
9823
9106
8878
1336
9323
1131
8448
360
1974
6201
7305
1688
268
6516
1522
9729
3843
1981
1364
5047
7501
9451
2360
5005
3981
2303
4203
2475
8734
9581
6257
1388
1737
3651
9306
3951
2644
3454
8165
2305
5830
3693
3342
3499
6539
4309
5641
9015
8100
6871
4725
2306
8467
1902
5456
8976
6080
4399
2485
5602
1772
6224
5521
4313
9949
2619
8634
993
6830
4305
6592
4126
1118
979
2378
9561
9315
7737
2421
7253
2358
8512
6890
5812
1248
7049
6390
1309
3962
1604
2771
3249
5892
1452
5044
2141
6190
7053
8042
3990
2746
9696
8732
9731
9134
7117
2209
2988
8454
7458
8412
3207
7487
8997
7759
738
3011
6265
6994
3778
5853
9040
5468
6941
9879
39
7980
6985
6858
4484
7913
6680
3666
6064
9864
8867
8645
1710
7280
4432
8490
2836
7417
5569
2351
1900
3294
3315
4605
5174
7411
8070
1567
2388
4787
434
7165
4444
5331
2076
8941
8251
3746
9995
6341
8747
3802
6812
108
9649
1551
6007
9394
2969
1713
5530
103
1677
3992
1976
6659
2266
2590
8756
4245
5706
1269
3508
6803
1401
7128
2035
3280
7625
9392
2589
2798
2521
1962
4438
1415
8509
3171
6618
3235
212
9582
78
554
7332
5274
8936
3264
1961
7134
8510
7074
3934
6537
764
757
9070
5072
1784
3387
7608
5341
2086
1706
9970
113
5240
3250
5836
8759
1518
3948
5507
6232
6730
3504
7409
4637
1904
9831
5150
7886
6458
2517
7069
9369
9651
2808
1019
9518
4018
3373
1007
2244
202
4464
9926
4247
5011
3582
2617
8607
4920
5386
2759
7626
1125
9508
8705
9790
6760
2767
9591
6658
25
1340
6741
1624
9353
9263
6819
8773
2983
9213
6594
2480
759
3824
3999
2675
6791
8891
5438
9546
6661
6005
9805
1042
9494
1696
4792
1940
5475
2975
1499
9536
29
7294
1229
1057
1363
4030
1992
6294
8535
896
1532
2641
3244
1901
4806
8020
8174
6203
2633
9430
3393
631
9890
1887
5913
7313
7338
9991
6633
5738
4860
1503
9885
6427
6389
2441
4913
3938
3254
9122
4794
7486
3401
8450
6329
9972
9069
3887
7510
5802
1239
3441
2387
8800
9810
8938
9156
7235
6426
6266
2343
1769
224
3221
2467
1778
6049
1764
5007
1474
8150
2880
1792
565
6960
4994
2152
8339
7661
38
7765
7900
6937
8656
3293
3902
661
9560
9339
676
8779
3949
7702
2009
2190
6237
5704
4080
8618
3974
8245
5593
9049
4135
5683
9076
7236
4208
355
4289
9086
2192
9695
8875
7372
4807
7834
8714
9547
8796
5278
8613
9362
9044
9217
4495
9138
8839
4512
6331
7019
8089
1803
1893
7170
4968
4505
9329
8180
6363
3039
8107
4746
7071
7824
8587
2172
8994
1370
5090
259
6986
9932
282
6660
9135
8604
2436
4123
3208
8630
3432
487
1928
6223
207
8456
7822
536
7025
4735
7508
6605
3238
9544
8949
8707
6315
7734
4332
4712
1394
490
7880
9792
1789
4702
3629
8650
6808
2833
2420
8388
2987
3939
3439
916
9901
8121
4811
7011
6522
5027
240
339
1465
624
8004
2453
2912
4220
597
6630
5721
5337
9572
4995
5291
2374
7595
1906
5487
7346
8183
7815
13
8575
3724
3457
545
8209
1153
2256
6206
3006
2738
9869
1950
7986
1948
2703
3533
2999
7422
8170
457
4474
6145
3559
6608
4250
2884
6133
8703
4882
747
6653
815
9088
4856
1382
2357
7908
5290
7297
216
2160
7233
6632
2494
18
529
5182
9085
3577
5094
7142
7291
121
9091
4222
4396
1501
4780
1879
3857
7932
3367
844
6046
5248
7549
4761
5377
9120
1785
3678
3794
8717
1358
1305
9344
8307
2946
9894
7544
3486
2149
6362
8336
7281
9030
5231
423
1471
913
4494
6497
6595
8157
4958
3107
1033
5905
8242
8261
4812
269
9843
8951
6778
4421
4833
9266
4290
4618
604
5458
4911
5399
9416
6057
8877
2460
426
8054
1613
5261
265
6895
2753
4563
4669
7733
8423
3994
914
2809
675
5161
976
8859
9119
4988
2605
2255
2026
1505
2603
3735
8693
1086
7790
3721
793
209
9681
9342
7273
471
4471
9553
5981
6543
2189
8186
1003
8962
3460
9858
8297
6695
6710
871
5230
9060
9034
6820
8145
9947
8230
3769
4836
4214
6437
2622
8710
8749
8239
2990
1877
6222
7998
6727
3416
2913
646
4861
5799
4196
2483
1295
239
6457
8751
5677
3657
6302
4858
7820
2901
2036
2936
3237
898
4032
3750
6931
5267
7791
9013
1044
8487
5136
34
1956
6147
6717
3551
8522
1496
4644
778
2220
7843
7084
3852
6945
4772
5633
6398
9205
9872
3202
1799
9178
3991
3569
9072
3112
1013
6097
4111
4133
6964
5962
1332
8081
2208
358
65
8028
7799
5533
4119
3035
3423
4992
1723
2202
8472
9196
6949
4102
6338
2163
3519
1733
6173
995
7689
2478
4736
5066
943
4466
8635
4262
3241
8169
3236
3225
3303
4532
5809
3520
7609
8754
1261
3793
820
9607
1265
9128
1625
665
2610
7460
1264
658
9829
59
4697
9374
1344
6691
3190
3361
6319
9528
5724
3558
9811
5535
4525
9584
3434
5211
7532
1630
5085
3198
1814
6606
1145
243
8559
1623
5032
941
8455
6586
3341
1327
8945
7105
6191
3965
9914
8605
7385
8503
8844
1046
7077
323
9673
446
1444
2775
5960
7588
7705
1774
4680
9064
982
5512
4750
1930
8726
4686
9298
679
2116
9918
4001
340
6460
9466
6195
5018
8574
8380
4348
3116
6328
4671
2982
6056
1392
8065
2961
5309
9929
1446
5106
8104
4212
8880
6449
9998
4635
9826
5397
6855
1662
743
1449
5421
8580
458
5338
7471
8567
6003
2345
72
758
4151
1155
5040
6961
784
5844
2362
69
9042
9558
9604
6705
3696
7438
3061
5714
903
5934
5626
6167
5481
1169
9917
835
7810
4709
2131
9281
3069
7271
4640
1660
5898
7382
3729
3180
6276
9892
2215
4660
7788
3355
5638
8803
9360
4048
9565
3414
8979
9373
2910
1434
4718
3780
7147
9828
9368
8221
9671
2934
7787
7240
5081
2101
8143
3682
4822
3600
5684
7546
5192
3114
623
9930
2663
5564
9775
2529
8224
5141
7046
7678
3323
6075
9842
9580
8873
6825
7904
7022
508
2138
5221
4910
4572
6993
9605
7837
8181
628
973
8220
3438
1907
9944
1162
2325
8955
886
2812
4358
7772
4688
2838
4950
4482
6638
7692
9282
9692
9331
4884
4846
4272
3161
4224
53
6161
1165
5168
4883
6599
4392
8411
4500
5306
6305
218
8781
6414
6667
4420
2760
8300
5335
6482
6869
5356
191
7659
5485
5304
2381
4687
2807
7262
7467
8527
513
9190
8223
9512
4967
6750
6756
3800
9144
5749
5959
6783
9328
6268
5393
9824
1425
3430
6948
2103
6581
1855
4225
1527
1822
4600
3797
5666
2066
9600
9129
7642
3452
3284
3707
5322
6217
4322
1066
1338
1253
8627
3286
8280
8433
3299
6014
8828
8906
3309
67
8532
6095
5817
4934
4223
3595
1544
5650
424
5570
7540
4611
3277
9421
7644
5084
9900
2721
7368
3530
80
8023
5451
5871
5297
8539
2962
2570
386
5411
9420
2624
3493
7301
4165
5444
5525
9460
6400
2340
6215
5257
8352
4948
4873
2984
5186
7309
1996
7397
1889
753
972
1933
6402
3465
5424
7994
8348
2370
2426
8549
7333
9587
3532
4997
638
8761
8758
1300
9256
6776
5375
9491
4460
9209
459
3910
4431
9361
7150
8647
6972
7440
9083
7906
6936
910
6234
3252
5490
9769
1722
1759
2386
9868
6318
6927
6967
1121
4513
1466
7249
5674
651
5969
5075
8805
3552
7014
3758
6037
4721
897
2700
2410
8524
9630
9521
1770
7516
9700
5865
7518
4716
9913
4622
5559
4918
7827
142
5118
9486
5268
3386
3632
9588
8291
1055
5030
5016
9590
1493
7879
4319
2938
2173
8765
7190
4753
2748
2145
1407
3369
8992
5469
4501
6530
2918
2981
9489
1420
4754
2921
3669
6610
3540
5160
5912
7021
5613
5628
2976
5880
9602
7895
4870
1486
8516
5206
6209
5931
2371
3874
8914
5839
584
3427
3135
8904
93
7997
5894
9123
9619
6148
4773
2422
8491
1762
7798
317
8067
5664
6284
1005
4942
6113
8854
7476
4629
4125
4057
7606
9136
4615
8466
8912
6192
7445
4848
7293
8204
3753
3089
1072
7311
407
8323
5145
3983
4819
3512
2824
1953
2356
7143
8495
9699
704
7444
2992
7453
504
6652
2292
6431
3927
3804
6990
231
4690
4889
9126
2289
2518
4375
4499
1694
4737
4185
6732
9474
706
4795
333
3503
7861
4412
1611
7933
7572
3646
2510
8675
4409
5629
251
6450
5317
5573
4381
5428
9613
8449
1461
2516
5933
7110
5229
6702
8932
3933
7082
8368
2364
518
4722
8552
5678
5763
7390
1189
7006
945
5128
4596
1869
7760
1603
9679
6642
1716
5790
3159
1482
5125
2206
3564
8876
8981
1400
3816
6233
8735
1231
6668
8570
9348
8208
6306
9693
1596
629
2673
1259
4610
4679
9176
2102
4973
9814
6533
2585
8946
9386
5923
8052
4558
4315
2963
1488
56
2178
7323
1139
9131
5183
9739
6396
1424
2314
8555
3959
5196
4877
3634
8415
9720
6476
6468
1041
234
9419
5002
8525
5514
5758
3269
5093
4328
3370
3822
5383
552
412
5956
148
4476
3879
8561
1000
4582
4693
2557
3736
6802
7957
7723
7858
3153
6058
2618
8916
7156
6434
6637
4427
9077
1426
1835
833
6071
8833
7026
8671
8442
8120
7860
7864
8706
9666
5715
9516
8398
2195
6262
6892
7633
7767
9250
5372
587
6374
748
2092
7676
3424
6023
9597
4082
6806
5992
7617
4311
6235
3417
9510
8361
2167
9233
6912
3832
2230
2739
4570
8835
1790
1319
1417
7610
2359
6085
8550
3971
6564
4343
8404
8907
5384
614
9007
1053
77
4361
1067
3932
1195
6552
1739
7081
8282
5690
4352
1374
9776
1873
4163
137
669
7431
5725
2583
5167
9818
5443
2874
9424
8484
1636
2414
1528
9181
1991
5899
2530
6352
4810
5848
3124
531
6708
8271
4972
6737
482
3860
2385
1968
6987
7206
6852
9024
7565
9680
5015
3998
7796
2860
433
4428
4330
330
6360
7059
561
1385
865
3926
6562
4053
5914
1386
276
2545
1712
5843
5516
3699
3462
3223
7942
2481
7478
6443
7507
9533
5391
6346
7612
1084
390
8285
827
7259
1294
9626
1644
9280
5676
2886
8252
1629
5971
9496
2165
2297
7833
8721
320
3864
2706
4983
6505
1455
601
4576
6649
4502
1800
9795
9333
62
2774
6101
5723
1732
3239
5123
1275
9838
6567
9401
5336
6723
1595
354
1592
3062
5163
4971
2724
6127
9836
9317
8294
2476
33
772
511
962
6670
3507
8834
9180
1235
6393
3329
2853
8347
335
350
7941
1537
4912
8850
8905
6063
5197
2941
523
3285
2132
6000
5647
6382
873
4003
5492
8767
7037
1142
6627
7351
3048
1757
1359
4996
9552
2639
3413
2239
5929
1384
6974
8623
7040
7749
4218
2295
140
3144
54
4306
3585
9981
4504
1651
2434
5896
3587
7433
7832
3775
288
6572
3442
9244
807
8586
2756
1619
7091
4265
8757
989
9668
664
9242
5035
6980
8470
7373
3870
1963
9534
881
5223
6860
9482
8862
7123
5739
3701
6914
3396
7635
5465
6211
5216
3709
2382
7264
1114
263
6212
8679
3772
3555
7296
9183
9021
3570
342
9641
3404
3194
4540
9637
3603
3384
8103
7493
9539
8660
1863
1092
2684
6770
9495
4676
4259
593
6616
803
501
2916
3408
3353
7896
1109
4033
7326
1001
5277
6353
9833
2287
401
9014
4595
5410
9110
6254
9906
5985
371
5762
1343
2029
7473
6029
2813
3995
9330
2450
6060
4284
437
4627
9174
2667
1427
8594
3324
7393
179
3591
8353
4510
4025
5604
2311
1148
4346
3471
1246
4668
7432
5433
2272
2670
6174
9541
1666
1746
4899
8563
1411
2747
8755
6711
9357
1196
1
7846
974
8792
853
3522
6542
3776
990
8137
633
4363
1233
8621
6889
2199
2322
4437
5260
3905
