8646
4668
5180
4014
4721
1790
7807
8185
8408
6719
3511
7564
547
4455
8700
5984
7528
7203
1787
5002
6019
3546
7801
1795
7152
1706
3588
3365
117
9814
9193
7265
6843
9919
3564
4288
1122
3599
1091
4351
8035
8725
8556
1525
2147
1952
5913
3646
3849
6056
1859
2090
4588
8730
6052
5100
6867
3384
6862
3015
8201
4441
8068
8593
7525
6246
720
628
890
4411
4861
3929
6111
7436
6967
7293
4989
6276
9648
5199
5792
9942
9516
4061
7954
7103
2676
8112
3866
8464
7421
7738
6736
8075
6149
3593
657
9963
3999
5900
1231
5284
2755
9438
1194
7930
5978
1763
8758
110
590
3736
1663
7222
8259
4925
4006
638
422
3570
2608
6762
2426
6989
7122
7192
8036
1287
3373
6636
5026
2276
3747
3967
508
7186
77
2866
24
1124
5524
6349
5108
8353
6830
4001
5073
853
7889
8668
6650
9324
3577
2330
8623
8522
329
2448
4071
737
7942
5864
8389
2122
5084
8314
9989
7695
6714
1073
4847
1140
613
9298
8046
6258
1653
4072
159
3121
2119
7182
3398
4704
9985
5701
8699
1417
5344
1985
6857
7629
8794
9287
3181
9659
7959
2985
3268
8516
4012
7378
4138
6816
3820
5510
8710
4278
4283
2364
6868
6256
2289
950
8618
759
2466
3684
2136
9383
9614
8572
2351
4728
4215
7218
2345
1326
6116
8386
8299
804
1642
9108
4740
3044
6581
884
4474
6990
4420
7133
2979
5117
600
5340
7844
669
2421
7193
4274
849
3885
8902
5440
5027
9410
2600
6602
3165
7384
8162
5896
4065
8200
5452
646
1841
3877
7715
5884
2800
7661
2392
5193
1438
9371
9611
3615
1877
4501
656
3694
1193
4024
7818
6918
2740
3668
9713
3634
3981
4281
1309
9606
1236
8914
6916
5147
4693
6002
6792
4706
1308
1473
3187
1492
3708
5655
9798
8985
4725
8663
6728
4467
4703
40
381
8534
7906
8173
4163
4081
1903
8519
6352
2786
8935
202
456
2694
8467
7184
8499
3864
8988
9884
2550
4631
5425
9031
9666
4058
3835
4995
9556
2646
2877
6532
8874
6534
6613
6786
7828
2628
624
9405
2954
6835
8706
4772
3798
5198
517
7540
164
2863
5479
4819
7489
5749
3108
8506
105
246
6907
8963
3705
9908
7144
3669
1582
6159
1853
397
670
8363
478
9596
7796
4258
5868
8859
6731
4478
2015
2482
14
6310
1713
1384
785
3505
7912
9322
2522
378
2498
3990
3129
8797
7627
128
3616
944
7142
9493
1627
7116
4340
7893
7953
6389
4615
2638
1246
3514
2429
6947
1223
9893
833
1956
198
5374
8348
2485
1348
8713
7984
7980
5605
4667
7921
6630
5739
5243
5787
5814
4872
2988
8387
9194
7372
3491
2831
3296
6683
1276
6864
68
7042
1905
8904
6793
8172
3417
5569
314
4657
8145
2913
9131
6360
2287
3285
6899
7727
6614
2075
8235
1506
1639
4584
6707
2542
1232
9189
4665
1120
7911
8562
2761
9017
9837
7566
1825
218
5499
215
4843
5474
63
1012
1203
9545
8648
5311
9783
5273
9136
3453
4967
3670
7397
5154
6710
3026
9082
5467
3480
5476
8011
8448
3724
524
9450
8147
9332
4177
7509
1115
3391
6032
1575
3571
5503
2996
2584
4881
2163
1983
4458
3595
9090
1619
4682
3978
5115
7191
6417
4748
1363
9997
2052
2564
7478
9021
9197
7163
451
1096
2338
279
1365
3579
16
1206
29
6497
1589
8599
3313
6027
3989
129
1434
7830
3465
5354
9062
317
4698
7111
2028
6034
9523
1006
8024
3975
3386
6713
4429
1066
355
2120
487
8811
254
1102
3961
3908
7162
3158
2764
6684
6024
8574
7349
7587
1366
3698
5096
2034
1310
7639
5997
8251
5330
4055
9009
3182
6054
3110
4876
4169
2246
5671
1869
9642
2622
7576
2362
1393
5153
3154
4778
3952
9263
9350
3498
2432
675
6388
2019
9333
9032
9044
4480
4489
559
4923
7047
4951
726
1108
6808
8281
8595
4437
352
6704
7707
4964
3790
1335
3703
6880
8155
2860
2044
8987
5980
557
6577
2506
1860
4835
3214
6627
7389
5152
2062
2652
5315
6441
4427
2046
7970
668
4913
3145
5727
2967
1423
8229
1679
5629
2151
889
2445
1572
8943
6489
8373
8219
1442
5717
6421
3759
3725
9315
2554
2901
1137
6020
7262
2452
6109
4890
6373
8318
1067
7412
850
9538
8242
2861
181
9206
1062
5737
5769
2706
490
3709
8826
8067
6208
604
2253
9249
6909
3689
9419
6411
413
8521
7091
5659
8367
9699
4780
6729
6072
3253
7876
9077
7523
8680
3199
2855
6239
4552
160
7988
9848
2411
7427
7194
6244
5504
2636
7123
1409
7377
7992
4438
9125
9720
4521
838
957
9040
6633
7236
5833
9748
544
7404
9397
3010
2356
3529
1431
2865
564
6110
9663
8465
9172
3455
9275
4092
8949
1843
499
1085
3085
9554
3478
7085
1717
3714
8796
7030
4506
5174
1594
7445
8650
8715
8100
3238
4112
9053
3847
6560
8561
3610
6106
1666
7908
1682
4947
7684
5393
5334
7459
7974
3925
2312
1292
8642
4732
4400
8359
7350
936
8069
1019
522
4739
1175
4836
2790
6651
4524
1512
993
9868
979
5661
2048
888
5348
9558
5530
9781
6260
8782
1191
741
4174
926
2820
411
9114
2160
3213
1210
2674
5037
1143
3169
506
4093
2847
2603
8682
4139
5946
6981
4057
1333
5631
6594
3844
9052
8800
1819
1154
1808
2237
9330
3998
7000
9927
2378
7536
9782
2942
904
7718
4841
5465
2682
7177
7577
4642
5244
3760
116
9593
7189
3817
5269
3107
4412
9391
1519
6227
2799
1812
9170
3506
4165
831
224
1146
1775
7647
7198
6863
8390
5007
5689
6126
4211
3335
3977
4231
7595
4086
237
6883
334
4826
2267
9256
3886
390
5674
7824
9091
8547
1299
1851
6953
6431
7596
6561
1202
2182
8127
9143
8895
1076
7542
1996
5204
7726
8932
6622
3831
6005
8878
2518
6807
1189
1675
6598
7578
2876
2036
7285
7023
7799
3676
3630
2643
433
3123
360
2810
136
8131
4718
2620
4713
7467
5846
5289
7552
348
9753
2063
9527
5000
1529
1565
2968
518
4196
476
5256
2991
4700
3361
1229
5755
2158
6671
3057
6956
4562
5232
7963
4568
1439
1733
247
4380
2653
3923
1567
9604
7643
1557
3769
7167
7612
2144
4358
1721
2767
4060
1797
8189
2885
3081
9005
2570
438
6296
3602
7856
4472
8784
3949
6095
8583
1424
5095
2325
4197
7817
7180
9503
5444
6434
2417
5104
3604
1800
8953
7673
8450
6190
9768
841
2561
7034
7205
2607
7955
6483
9297
5637
8828
6572
6048
1544
3025
297
7671
6767
1735
7599
372
5704
3578
3561
6135
8020
1415
2671
2576
1111
9905
8814
492
8863
8061
8512
9717
6242
7883
6616
9862
6369
3559
579
6143
4128
2186
5938
5817
4064
8999
898
9185
1416
7957
5067
6626
3061
7716
6142
2729
2533
9610
8255
2017
1357
9039
7821
9712
6944
6273
1651
7631
9418
5272
8542
389
5173
4648
4088
4750
3229
9863
9326
8301
8284
6265
1256
8900
8788
226
830
8045
4709
4518
3930
3920
6778
6243
7550
2055
4625
7533
3784
8538
9795
8084
2543
6424
2054
7979
9304
1570
2447
8928
3716
3072
2773
6564
8907
8044
7484
6801
1372
562
4023
6459
1253
5155
7309
8507
5678
7808
2537
1792
4516
9746
6470
3172
8132
6356
2363
2850
8741
3138
2071
5001
203
4005
9678
4010
7141
6982
7165
9232
6212
1290
1269
4744
9471
3626
3762
9909
7135
9199
3325
6303
3392
775
1687
5120
3252
3950
2631
7424
1951
1457
1049
8733
3304
8829
7035
3797
5396
5683
7534
2580
7237
9111
1919
5066
1093
3427
3379
9375
2162
7866
1004
3095
7701
6286
7867
2323
2020
2857
3031
4534
2109
4755
240
2535
1440
642
6590
9965
4513
1452
1665
745
9066
4280
8855
6620
4026
9825
571
7515
8048
9789
3590
45
5638
5602
9167
3375
2826
4502
5428
7002
4825
8557
1986
2736
8524
7648
6413
9338
2350
8635
2006
9011
5702
7993
3032
2460
7018
2319
1164
195
6897
5838
8099
7423
8491
1138
8625
2698
3637
7277
1692
1794
5468
7838
7834
8991
8637
2141
7176
706
3288
6966
536
156
5770
5381
9794
2042
1028
1668
5999
4629
1660
6148
4637
1101
918
6510
7788
2175
9651
4998
7319
2524
8027
5122
178
3987
9489
3609
8871
7563
7266
2720
5756
8831
1670
1969
2594
5693
7164
3808
1689
3197
5630
9388
8530
3636
1968
5808
2836
1862
2856
4600
7416
3000
6545
4504
2011
5140
8051
7074
3834
8197
754
8956
7055
3028
2133
1626
6743
8716
3504
1428
137
7403
4547
4599
958
9972
6902
1754
4430
858
2899
7703
8669
5423
8090
3681
2024
5757
6123
4054
9521
432
1474
8939
3675
1209
5119
4140
1095
5988
9141
9956
7411
4181
8078
374
5319
9404
7339
7854
4724
9352
9311
7605
4042
7944
2959
9092
5304
6083
7882
9671
4166
9484
4316
8079
3220
5738
8759
3135
1714
5806
6282
8134
6270
7842
7678
4037
4650
2181
7021
5708
6344
1334
9632
3265
400
1181
2003
684
6780
1258
285
3245
4697
7239
6184
1600
9095
1588
7637
1323
5908
1674
6876
5280
5054
4500
1433
2649
8458
7361
7972
6628
8447
9955
5338
1131
1030
9026
5023
7848
3024
3916
8466
580
7925
4119
4485
2839
11
3723
1590
3524
6949
6183
5347
5557
7635
4787
7336
5790
5782
8792
6228
6262
1517
6606
6299
8059
3730
1364
2966
4338
2875
5132
6617
4723
8364
1814
1677
4182
3679
9465
213
8237
5809
8126
5843
4318
6407
3662
7878
8361
3711
5663
2940
9793
4536
3521
5246
2380
437
2911
448
4460
9165
4068
7864
4448
9840
6274
1759
799
6834
7846
3237
7583
6164
729
802
8316
676
4997
6771
2905
9060
5424
660
9600
9028
7302
7468
6678
703
4373
9869
6567
7387
6119
7561
2527
1871
1298
5937
1650
9634
4594
9772
9463
6259
5008
2440
2427
5613
9500
7806
543
2624
6573
5768
905
5460
932
1748
8877
9209
6028
1242
2896
149
5842
9393
2707
8015
1885
3582
419
5695
1932
7442
3869
1774
3960
9070
7273
9902
5298
5032
3621
5293
8702
2846
6484
585
4677
230
3766
9543
2278
6855
1640
9851
8412
7835
4608
4687
485
9765
4423
3490
7879
1514
4917
1147
6958
3968
2993
4851
312
9690
6896
4354
691
9861
1531
1300
189
1928
2389
5163
7013
883
8209
658
610
3343
3856
870
5212
4970
5668
3271
9797
6549
6543
1200
5497
7721
3077
3387
3281
295
7836
8326
865
630
2597
2937
6300
4530
7699
4240
6968
5143
3039
3484
4894
6917
2131
5839
7736
470
9683
7574
2712
2936
1463
2216
62
4251
8835
6885
4101
4339
3070
592
6971
5267
8850
3186
9574
1704
2012
2242
3079
6516
7755
3377
5705
6195
395
947
5022
3363
3066
5483
7017
6906
891
7020
4649
793
2221
4782
9945
4549
896
5869
700
693
8383
5700
9467
2155
873
2639
6295
8047
367
3608
2200
3366
6168
2667
5164
4684
7363
3648
2286
4294
5194
3124
3432
8841
6040
9499
7320
9152
9524
2669
4751
18
6706
2009
2298
7087
8830
4414
6337
4663
3622
8381
8228
8462
1185
3337
7044
6097
1405
4272
7441
3433
4205
6071
8894
843
938
7517
3583
8617
7915
5146
7977
5353
1350
5464
681
8709
7094
5583
7659
1271
8858
7967
6187
5624
8585
8377
3278
5719
5233
8575
2043
2882
2758
5618
5399
7145
39
9763
3315
3207
7983
5694
5941
3591
322
347
7295
7849
2595
2934
7212
927
4656
5313
5205
5339
2196
2569
2744
6777
9306
2316
2705
5062
5137
1695
7031
5544
7895
5543
4759
8203
9930
7687
2436
9687
5397
2229
7937
9447
9947
5546
4690
8915
85
8213
4834
8116
463
1205
6387
8581
3235
8528
5184
8652
263
2305
4699
1976
1669
6167
6452
5383
1244
2769
5652
6798
340
4806
6051
9859
2369
7158
371
6221
1609
8818
710
3472
2841
4797
4296
6998
3542
9106
9200
1158
212
7674
8420
4747
7971
8523
2463
4702
6969
2064
8770
1317
405
5656
6528
6211
6077
8156
1445
1595
1227
9134
6871
9453
1840
2137
3569
4494
6586
6763
7132
5111
4398
1848
3758
1849
8645
4701
1524
4392
8639
1845
7014
2894
3001
1249
6229
6824
3520
8836
7005
3009
4831
8495
4276
4731
3641
7521
1813
2795
6307
135
2950
6526
7610
2479
3231
7608
9243
446
5337
228
903
807
1591
5561
6275
5197
748
4045
424
750
115
4323
5596
1081
327
6693
6044
6399
6632
3873
6993
1226
4526
3420
5401
8034
5588
8049
2784
3412
7621
9826
6251
6520
1110
6089
2578
6101
817
1728
3115
9229
8161
118
4798
9292
3829
4270
6933
4597
4335
1776
6010
1429
2100
7640
7399
7337
2494
4829
3806
309
892
409
2798
304
2116
8805
7426
7986
101
9583
3350
5228
1916
4771
9334
79
1148
8461
4390
621
5677
3459
3332
6311
9215
7702
5860
3704
8950
1471
4003
9654
7297
7754
7826
541
2912
9034
6248
2481
2906
2431
6991
8407
6438
5345
2398
6062
3921
7991
5821
7862
5876
2873
6530
8806
1477
7850
2917
420
7276
5221
3290
5487
1273
542
1788
4899
1691
6008
3905
4921
6604
7356
5760
3842
3624
871
1771
8206
8588
2428
3673
4342
5803
2772
5825
8433
251
1057
5279
6074
9084
1013
7235
3980
7923
1220
4944
3944
3899
4063
4580
5933
1548
1645
8771
3581
9431
6235
8208
5079
7722
8918
183
5471
8766
3863
7933
7519
6343
8525
6826
2737
4644
8529
8174
278
8559
6839
6788
2602
6507
2492
880
1000
5771
2843
6026
5285
8472
1635
6129
2268
1097
9589
3023
1783
1947
6410
1945
844
3558
902
7929
9162
2079
5906
8683
8868
1426
9819
6638
4761
7524
4089
6152
7452
6172
3396
6538
4148
8955
7462
7250
5005
655
8584
1648
7322
680
2938
3947
9379
8968
4828
5498
7693
9089
258
1145
7386
7505
1522
3780
4900
1700
4653
3678
5509
283
8171
9316
4586
6247
3870
1816
6852
8073
6383
3771
9445
6506
3003
5754
7311
3416
8256
9935
3174
2635
9118
2483
7839
4277
5141
746
912
5219
8441
4292
5318
1002
3078
7750
8394
8696
2406
8898
6366
3943
1957
3447
9914
9380
907
2185
9181
7734
3347
272
967
1606
7861
5865
6346
9885
9123
8933
95
3666
9726
5692
3938
6711
5827
9744
526
4362
5761
9839
7743
9260
5435
9259
6558
1971
730
2110
6462
835
731
4056
500
7597
2072
6976
447
811
2459
4090
1022
527
1451
761
7214
1835
7098
6605
910
625
2565
966
8202
7985
6997
3103
5979
1770
9244
8454
8239
6800
1345
4016
5535
4451
5515
8298
8734
8896
6957
3894
6686
1446
1757
2245
2300
5462
2140
5043
1283
9532
2306
480
6787
2806
9805
9565
6609
6515
7999
7326
1501
1482
4368
7083
4812
5349
7007
8310
1376
3068
6202
5939
1338
6782
1876
8919
1126
3394
8369
1946
8098
7121
4837
4727
9494
4245
798
3979
3333
7771
7960
4299
5299
8834
9104
3719
2919
2783
4733
6537
7813
9080
6200
8107
3112
3410
2422
1260
8111
2170
1881
8822
702
7358
3448
4105
2531
7765
8095
9535
8714
8227
9485
5179
5622
104
8190
1681
5165
2691
867
9922
4222
4673
6188
3128
5251
4896
5901
7778
627
47
6094
9374
4696
4194
1507
1535
3773
2066
5392
199
3657
1404
2450
6490
3526
8756
5564
3543
8312
637
4966
1491
3331
3584
7400
5003
9476
4184
1634
9071
9924
2679
7289
5225
5459
2686
9035
2415
1239
4497
5328
4617
5807
8440
6503
7782
8736
5044
9294
3205
862
4134
1123
8769
2589
1208
8564
1479
9770
9201
8300
7601
856
9276
8222
3904
4424
4468
2092
9086
9896
9195
7604
5743
5131
1289
1187
7634
7995
291
7535
8552
3645
6653
3017
5416
7507
8335
5646
8505
514
4870
9573
4984
6279
2304
4577
5431
5773
6009
5438
6068
4479
1688
3334
7408
673
6493
3125
3284
1521
8698
3487
3185
5024
3356
2726
4210
6961
5764
3342
7140
5936
9096
5547
6747
7884
8056
513
9618
5643
8080
2995
5788
3871
5813
4679
505
1943
2587
985
2082
3094
269
461
1643
5642
4736
784
4028
8188
5930
943
9937
6186
1837
5128
1075
2842
7777
6130
8231
1172
1893
3765
6508
1741
9425
6478
5277
4858
4051
2438
7940
4742
106
7458
9239
234
5317
5200
9749
8613
9305
7019
8815
6939
6505
8490
3458
8763
6559
8226
5793
3573
3953
2658
1113
3658
9050
1831
9190
2340
6663
5576
6379
1284
5555
3547
8743
6641
1267
2008
2397
2059
6436
5796
5955
5463
8192
8469
6984
4929
7315
1355
1118
6482
4074
6283
2650
5080
6278
6433
111
306
5189
742
4737
280
8757
8449
866
6225
7383
4476
8062
5730
165
7064
6691
2567
4983
9357
7317
6512
4266
9677
9029
2634
3250
4187
133
6618
837
4811
8032
836
58
5266
603
5532
8398
1254
6267
3046
5758
7420
3768
4491
9735
7588
7195
4749
9900
4844
1543
3985
8406
9328
7174
5506
1730
4879
8422
2762
204
9171
8428
2308
7069
320
8297
3597
7275
516
9377
7584
687
4413
2848
6397
8109
3734
707
2708
5138
4433
5687
5352
5672
9208
2259
6854
734
1908
7335
1444
5892
466
5574
5822
2664
6189
6437
8279
2329
93
8430
8355
2231
5015
2523
2735
3639
4680
3279
3371
3295
7711
2310
9563
8610
3022
4832
7393
5519
717
9929
2291
641
1020
2318
3631
8744
8980
9213
3030
3369
7730
1935
1141
2909
1842
8824
8413
9033
6851
2573
1807
3522
3316
7004
2921
7251
4118
4082
8941
4511
7628
7469
1923
8677
5551
6695
4689
5598
2858
2374
3812
6937
5458
5408
6365
9013
6390
5870
270
5057
7723
3685
4950
2171
8840
4135
4945
1906
1598
4639
2070
308
4943
7323
3854
1811
9780
2805
8931
8186
9271
6412
8615
1078
4030
1652
3619
7827
7691
4869
5945
3269
4017
8238
4799
1462
5030
3859
1257
3338
3155
2251
2359
6764
6264
6330
7875
9946
4243
7299
2454
7909
5762
4567
9864
9448
5071
6928
3257
6925
1161
1367
4477
650
3071
9180
369
7753
515
191
7155
3913
9094
5903
9235
4626
5516
3775
2495
3069
6726
9836
9743
4465
2728
7903
9766
6649
2077
8729
8009
1105
9673
2292
1157
6690
6838
7763
7353
7690
3683
701
2103
6345
9343
3403
6050
9064
9252
5129
2107
3825
9852
5897
7343
6718
3633
2670
2821
776
5568
127
1980
7112
5968
8494
9974
3037
9385
4769
0
8001
2041
2210
3040
6104
7510
3527
8019
9715
49
8031
5333
6198
3276
6029
8937
5804
2779
3612
3851
6814
2574
629
611
9540
7040
2616
6323
3585
3876
792
6335
5918
1033
3161
8647
2261
3970
9063
4691
3248
1487
7246
9675
1024
4537
4417
7402
9158
659
9705
7858
9469
144
9230
2747
6568
7051
6291
5552
5370
4279
3909
2852
9285
9638
1500
8439
5056
4265
1219
7766
3104
2788
8016
4471
6471
8181
3456
248
1464
7669
3090
3605
620
8573
7672
7197
147
9296
8482
2733
2688
6381
1103
8341
9389
3651
2166
769
1965
6080
423
8839
598
7127
94
5590
9579
2943
8885
3208
1766
4992
6746
6318
357
7935
2004
4238
7470
9331
1116
7447
8873
588
4223
589
7173
4935
3109
5114
3437
2218
5133
7622
8658
5419
4450
1608
9582
6102
264
9657
763
1481
8336
6141
5495
8504
2123
4404
2627
2095
1167
3667
9627
6889
801
5252
3493
4888
8012
9291
7095
3539
323
7759
4566
5950
4773
8972
2206
4253
2792
2355
3890
5914
6474
5559
6565
7987
973
9568
2371
1408
4868
7529
2058
7050
4854
7916
7569
7994
635
5220
4436
2683
9968
3376
2487
7065
6948
2199
161
5310
1121
4976
5570
1485
6915
172
7376
7558
1620
2700
1358
8996
9992
5753
7107
2402
7344
8921
1518
2668
7367
531
937
2073
1625
7288
1560
2349
1079
462
7296
4634
6000
4928
1489
8802
6314
1129
1454
9223
6122
2519
3168
4141
6298
5255
6812
5485
9994
6946
5412
6646
8912
6057
8457
7496
2250
3531
1343
3992
4216
9807
9110
2849
5992
4120
7418
2040
7117
9188
9443
5450
4543
4087
9004
9667
766
268
9636
2797
7396
2086
3300
953
596
8633
6416
4820
1099
9081
9560
4548
7591
3713
6877
5724
4483
4620
3745
6361
27
9954
8358
1486
3589
6624
4350
3280
5136
4815
3005
8751
3988
553
7614
5229
6850
8606
2087
1315
7742
9665
6285
8603
7732
587
5989
7663
5065
5597
7497
6253
3344
8360
5986
8864
8157
7888
13
8787
3275
4157
7039
4641
3781
860
9204
4875
9513
8163
6250
1488
6321
9149
299
3255
9843
2403
6766
1314
5976
8631
229
7526
457
9327
3718
8846
5083
1360
2915
8374
7570
7488
6799
2710
9637
6420
19
8247
2977
1613
7874
5826
9775
4884
572
9932
9284
636
4459
2714
6994
5430
1453
1895
3567
1469
9373
9196
3826
7206
7451
5920
5305
3809
454
7713
3020
5308
6476
2343
3348
2393
3111
4084
468
5716
4206
8124
1508
2239
8678
1999
2568
7433
4652
4627
504
7602
9280
9587
3680
1224
6980
6084
1098
8842
1863
9660
9473
8945
2739
9042
8720
3580
6435
4619
6533
9656
2704
2881
574
9130
5259
450
3572
9041
1031
8656
2423
940
6376
3533
3441
8762
23
5662
9541
4116
942
8899
9815
214
4570
4785
3292
8592
3242
5190
6983
3385
1380
6402
2548
4209
2629
9121
6328
9347
5236
6931
6334
679
4324
9220
2132
7852
2626
7783
8250
1779
6637
4282
6992
9906
1139
4613
7431
4978
7638
1912
2257
2563
8140
2659
7181
416
5369
9037
4343
6494
8544
9056
8882
8598
6428
9539
2768
3486
1789
365
9392
714
4261
5526
9119
4618
1001
9777
6576
2102
9939
8375
2884
6380
473
5829
5372
4144
50
4129
5780
6805
3018
1328
9468
6137
6336
1891
7437
2829
4445
7417
3414
7481
8532
2232
5224
4716
3788
9697
4738
7598
474
4384
6525
8560
911
5616
3050
7046
1391
2400
3341
9860
4136
3937
5585
7075
8691
2376
1978
7443
8191
8905
1063
3321
4033
441
1752
9811
3330
5759
3534
4367
6367
9831
1882
4855
2195
3956
6903
9847
2598
9728
9522
2900
4325
607
5523
3541
8854
8008
5610
303
7022
7562
1347
1611
9346
5854
2213
2273
3686
4638
7618
8982
5326
5151
9293
2928
821
6795
4757
813
5126
9881
9233
8241
8761
8470
8393
5407
9854
1617
3370
5909
2684
8039
9460
2410
8212
5166
4366
8793
789
2551
1400
7147
8004
2472
3027
5049
9444
6856
6758
1740
1264
7126
1311
7129
8848
8128
4179
9756
4705
3075
3807
8380
6209
404
897
859
3240
3661
346
1182
5651
3901
7240
5421
2249
8392
5867
6810
2715
8322
1974
5636
9483
6091
7318
7698
6553
4887
4040
1495
4104
8234
9173
7161
787
5123
3721
960
3939
6802
8182
8280
3151
9696
1698
5886
5135
7810
6784
4260
5404
8611
88
9069
4482
33
988
4360
6043
375
9310
3378
8371
2177
9102
7283
8343
8217
3098
1362
6644
376
5858
863
9882
777
3
9571
3118
8707
7338
8887
2752
5157
1100
9644
8554
152
8486
393
2424
3367
5130
3496
9428
2601
3951
8748
1962
4301
974
8339
2227
3105
4236
5910
9177
4646
430
3461
3841
9938
3942
9613
8801
2139
2352
7682
5851
7512
2322
7694
2025
7791
6469
8909
9622
2637
1532
1762
724
9237
8400
3791
4233
2348
4303
3565
1884
7997
2585
3787
9290
5767
1552
1029
971
1966
9990
6086
9714
6150
5127
379
2781
250
4783
6163
4225
102
7202
2464
2299
2241
5995
6570
7370
4193
5614
2357
2078
6430
9646
3625
4377
2335
1288
7624
2383
421
3830
1824
8082
868
4763
5957
5572
2879
1970
2987
4428
2413
8601
3672
7556
