4536
2398
2714
9423
9953
1907
4509
1542
8526
2602
8758
5655
7196
6705
2546
5800
6282
5165
9734
2308
4542
7124
4270
3221
564
7129
1235
4331
3578
1079
2141
6546
6640
1477
4313
8254
9409
7827
4205
5334
2286
8810
2822
6666
2655
383
5775
793
432
8258
3787
6218
8671
2089
8087
7411
8128
9493
8858
2824
671
177
7963
7446
461
2211
9014
5718
2392
4292
6391
8455
959
4400
21
5731
4301
7603
565
181
1353
442
3899
5320
7292
5922
7874
4550
3389
6901
125
9915
8968
1381
4662
2109
847
5375
6205
443
1368
57
8400
6140
1866
5331
5259
4271
2068
2356
3109
524
8927
8677
1470
229
6277
2643
154
4538
4336
4463
2328
5490
4166
6475
9487
9578
9737
7911
4884
8926
1398
122
8812
1296
2041
7759
3453
1960
663
3603
2482
1033
3792
9600
988
290
9910
4432
5831
8203
5221
1666
6107
6905
7728
2910
1973
5391
5844
5681
4533
4156
7471
4183
9125
8805
9864
174
8188
8518
9189
8194
3875
732
1981
1295
1697
4565
5487
9196
9667
5304
2079
6680
3704
9732
4014
3567
9130
5785
8062
6116
4982
9069
8325
3562
9608
474
2183
426
9735
6244
7313
7027
7791
5374
4924
6433
1212
7407
9904
6647
6013
9228
2076
790
478
9393
4790
7957
6607
9057
2732
1126
2077
8893
1663
3655
7732
4090
3303
8770
9931
9060
4766
7666
6677
1941
8639
6983
7134
7917
8378
8158
9468
9841
6248
2771
1081
7392
2469
3128
7186
4580
7887
4949
8897
3711
1268
8700
9123
3316
6600
7877
6081
168
7310
3124
3800
7452
6151
973
9473
1139
4354
2967
2609
9924
1821
7406
4961
2959
3009
5911
6301
6803
1873
185
9778
1728
3043
4928
5714
8433
8794
5061
1558
1590
2886
9672
8938
9647
5329
3628
1241
1495
6047
226
4919
2339
8972
1889
3862
3739
6164
307
688
1576
9278
8294
3345
2072
4409
1222
5258
1039
2345
9293
1409
1018
7037
2148
8467
5314
7629
9381
4670
4805
3148
5826
9959
4859
9389
4070
3038
1852
4694
2629
4754
869
14
3608
1378
1813
3257
9219
18
6236
2615
3701
933
3510
1320
1934
9740
5394
8424
8534
925
6018
6770
6129
2468
7165
8486
2682
338
8184
3406
6344
9715
4539
539
1004
3429
770
6654
9012
4372
162
4652
8569
532
2124
9025
1349
8068
2135
3297
6458
6269
4094
3828
4851
3243
7479
8909
4647
7815
574
8880
1833
2830
6270
3986
6393
2970
316
8505
8970
8739
9412
4161
763
1366
8201
5596
343
8139
7137
4614
8202
4886
6947
75
5620
711
5688
7760
5949
1861
2006
1197
3798
1281
2818
5738
4261
8138
2632
7751
3630
4327
7718
6857
9933
3064
3485
5042
1882
8565
6507
678
5959
6946
5883
6195
8365
5682
7282
2555
7109
6733
8214
363
9482
8547
2463
1335
2205
5507
6862
4572
559
3217
5687
7646
2202
2718
4067
3295
5498
518
7839
602
5871
9855
8066
9773
6949
1095
5196
1074
7218
985
8642
9569
3582
4938
2578
547
6360
1000
1919
9096
6106
6387
2978
2677
8036
5080
9837
8488
3813
1234
7695
2524
8879
2675
2607
3269
2431
8558
7662
3497
3340
8243
4574
6117
4064
7264
139
3520
6934
4498
8599
8742
4496
9484
3201
5087
7095
8913
6015
5358
2586
3404
9750
947
7045
4702
2262
9970
7277
3929
2441
4256
7430
2608
3046
8410
8403
6559
3972
9697
4967
6879
6735
3781
4383
3191
9406
8181
5336
9644
1647
6307
911
9936
8492
3627
9072
9361
5001
6242
3005
2056
4342
1311
1887
6437
6683
535
4941
8199
5661
7618
6524
3014
1850
3263
318
9070
8592
2797
1122
1696
3110
9917
4776
7487
4610
2814
9528
8725
3874
4679
2495
6754
4616
1497
4800
4703
3447
646
3293
3411
5478
1776
5808
9042
5931
9604
7146
4412
9259
1733
189
190
3326
4872
3047
330
5385
6132
2650
8335
7096
7823
2316
5947
7598
8093
9161
476
9699
4439
2999
1679
5567
6882
1579
9462
5419
3020
2280
2304
3427
9743
9590
1752
4373
4514
761
7142
4680
5014
1219
3614
3657
9547
619
1166
2571
9712
1787
433
8907
4763
8502
6208
7314
3187
2916
4075
8513
5518
8888
6204
8008
2040
3719
1099
5962
4003
8937
7296
8319
6665
4347
3268
6267
2031
8842
4252
448
2567
517
9800
9310
682
384
9610
9559
8305
7086
7573
4226
604
6501
5701
4725
7453
1538
8579
1472
3750
7784
4689
3136
588
415
5234
9941
5282
4345
8663
5945
5000
9088
6893
7326
1655
4109
1539
7656
6916
1364
3070
7714
164
8646
8542
8814
492
262
6806
8975
8817
5110
6173
93
9194
4325
8364
1803
3227
5562
6977
556
700
5637
4212
6923
3337
6094
867
3325
65
2874
1769
6692
1127
4789
4082
1857
4651
7127
2267
3978
720
7232
5974
4914
7214
9292
5112
8136
7508
736
7945
2905
6279
3338
3469
2723
1865
1785
6108
1142
7425
7632
7237
7014
9144
3705
2326
3428
1659
9838
6980
949
8422
6801
5755
5188
2557
2138
4930
3823
2872
8509
744
8388
5608
4404
402
2192
4612
13
4832
7488
9581
2054
8098
8992
3802
8409
6179
9512
1245
8415
9299
2389
5046
6323
5921
6110
6597
3550
6212
3602
3845
4364
8504
5316
6718
9023
8030
9466
5226
6966
4747
6196
8754
3728
8750
4311
2541
4456
9209
8354
3341
9284
8483
5595
1061
4932
8619
3886
5736
7690
9593
591
8485
1691
7156
1481
1779
3189
2333
6272
4113
1174
8453
401
4795
1352
7461
9290
1304
9908
9295
45
1975
7433
540
3738
3870
4165
2033
7497
7046
7400
7057
8063
5604
268
2036
1594
2829
1267
6876
2082
6097
7309
5838
5194
6266
3580
1157
4595
7781
298
545
6510
4258
6615
7743
7908
299
8775
7067
5786
4117
390
4796
4526
9316
5867
6461
542
8641
2418
2747
3231
7899
8676
7898
8452
6339
2450
2968
9275
7765
5058
3758
7777
4978
5085
2852
2243
6576
3307
2160
311
3192
5448
397
1739
4264
5290
8134
3889
9140
7879
2582
3763
2922
3384
9844
9232
1125
1846
2435
4841
2625
768
889
1375
6397
5842
4655
586
1024
39
8278
6159
4188
1049
4315
9079
135
9885
2476
9994
4855
5241
3619
1118
4729
871
7544
7493
8350
2823
659
971
2726
4401
6758
6199
2742
2037
7926
3177
1898
7393
954
4965
7658
1386
300
4706
2739
7261
773
6133
5279
1112
3783
3042
3531
1688
9627
1462
7556
2880
7848
4549
6817
2956
8248
2665
6152
7071
9485
7243
3754
3644
83
3398
197
6043
5106
625
2128
7463
924
4142
8366
1656
3335
9777
4738
2743
858
4891
2712
3956
3726
1046
8285
1404
9126
4041
4298
5798
8044
9543
4220
4990
5418
1541
6931
751
9929
406
6682
4590
6592
82
9330
6374
874
4746
4499
2895
6330
5192
685
6240
2317
4060
724
8336
8589
3612
8222
9114
4787
777
3197
5812
107
7384
7967
2306
7274
9135
4453
2074
2751
3166
9552
1299
1713
4351
3535
8749
3101
7481
4592
26
1592
40
561
2346
6001
2980
1860
215
1587
97
1549
8687
2787
8945
7224
8966
3181
9606
4136
8650
5584
3716
292
3036
1707
5579
6037
7675
5715
1220
80
5792
7927
1744
3134
1473
6342
1858
1164
3068
8002
2612
2767
5156
9783
9920
7875
455
1376
6007
6324
269
9309
4293
1082
7989
4635
5550
2422
5833
7467
2706
3153
9297
6634
4038
47
8133
7793
6791
4420
647
2289
424
7612
6743
423
6254
7755
7840
764
8704
9784
1602
1474
5618
8840
391
8353
7222
5613
2169
5145
1387
9614
7830
8522
5745
9873
9741
2661
4584
1586
5677
7980
8885
6681
1951
9296
4667
7992
6702
4002
3369
7694
5159
8419
1206
7741
9440
9568
8807
0
119
5278
6225
9516
1900
508
7882
8103
4119
8197
5925
3494
2159
8439
7108
3010
6317
5979
4176
8442
7385
3363
8666
1999
5015
2779
5676
7860
3606
2332
2311
8787
6784
9894
8598
9882
5171
1664
1686
9046
9302
6558
2489
4021
5943
6835
3271
8777
8537
3182
9215
6099
4882
9103
5417
248
5633
3126
1703
6004
4775
698
7530
4282
9843
7502
1073
1698
5639
9620
2697
888
8457
1654
1917
1615
9163
3554
3774
7569
3795
779
9753
1520
6031
8559
7342
3298
5860
4959
4827
1661
6991
1337
2198
410
6838
7542
9595
3401
3993
5127
8594
3715
6355
88
6840
6924
1925
1625
487
6127
6723
1319
6846
5667
7080
2277
9399
3332
2596
6827
256
9779
277
6965
3143
6935
7974
393
9723
132
4626
2926
2315
2204
7254
6335
8936
3034
1173
864
878
3564
1171
462
7317
661
8049
9796
1766
3458
9810
9874
8077
9988
3863
3650
6404
6590
6693
3920
3351
4875
5023
2940
6996
3660
2297
3625
9082
8914
5663
6086
9579
5764
7599
656
6390
9062
4829
1159
8856
5628
7444
6583
8947
9170
9551
1080
4460
8023
4185
7819
5586
2294
3664
4389
7499
8140
4376
7661
4146
3788
8497
4223
6263
2994
3702
7341
4508
1863
2760
4494
9247
7579
6357
8738
4712
4074
7639
9935
7944
2012
8361
5397
7693
7330
3019
4480
7966
2795
9760
4724
2906
6556
7377
7118
3515
2322
6883
6338
4715
4704
4926
9676
4065
6373
3208
8562
4250
4632
8373
1944
6814
8977
219
7518
7334
4124
3051
4619
5674
3646
624
471
8016
8953
8107
4757
6790
907
8444
8655
1923
9004
5174
6700
7788
3311
5056
5948
9687
4153
6547
5748
5873
2382
5511
8576
986
7748
8798
787
1906
6523
7491
2654
7779
1543
1563
5594
1621
7424
1789
5909
1308
617
3212
4523
8329
8803
2405
2358
8884
4407
5686
6785
79
937
1255
7902
6354
8533
2941
8168
8144
2590
952
4127
3712
4957
519
9601
351
7959
7773
8266
468
2773
8381
3084
4054
2093
4758
1484
4657
365
8458
9522
5577
9555
9903
2084
271
994
1453
8231
9450
8080
6084
2119
3163
2989
6752
3438
7972
1856
893
9857
4433
6075
3385
1105
6295
3761
5254
5435
46
5875
7501
7272
594
283
6560
6928
1316
2467
3634
6008
9364
1493
7376
1705
1582
8046
1190
414
279
6799
5107
5157
4469
9916
3138
6038
5985
5662
5717
6158
7149
6878
1043
8426
6223
66
5060
1741
4802
6385
3549
2802
8463
2401
4685
7087
314
3484
1771
6847
2550
9619
2836
2340
3120
5546
4939
5260
7506
2763
4191
8101
213
3365
354
8084
6367
669
336
7574
3583
1559
8574
5005
3665
5425
9271
3692
6603
5622
96
2720
8620
8971
8003
8405
7924
4894
1921
2896
100
1417
8763
6183
8950
2499
2395
8756
1561
7256
6653
9701
1274
9835
3814
6888
7587
2479
117
9019
4744
1382
3358
2263
2793
9650
8689
9638
2396
5743
1920
7337
7853
4929
9692
7653
3122
7700
3963
7059
1715
8071
8301
7131
7707
6656
5032
5309
130
9983
2724
3342
35
5404
6687
9706
2745
67
1922
1578
4257
3958
9353
2497
3414
9356
2416
5055
7685
5286
63
5131
5086
7608
4605
368
2266
5759
9195
3994
7818
9524
1872
966
3416
4954
3896
5136
136
5209
3241
2195
7836
7566
7669
5657
7756
1555
9751
2458
1209
1991
8198
158
9359
5323
5940
7462
2548
9530
5720
7354
9877
9752
5412
6769
4993
1492
8193
1526
8337
7449
4116
9411
8796
5202
1437
1823
6144
7619
6706
7645
2513
6408
4833
104
6509
837
8645
2035
4200
4742
9999
548
6216
498
5
8631
165
8146
9952
7143
2259
9721
4728
603
9649
9575
3171
2107
2576
8585
6658
8088
5016
5228
6612
2080
5210
5203
4391
7271
2710
1324
6139
8987
6540
9499
2883
1306
6853
7844
6788
8380
234
8996
2459
4465
1571
7891
4470
6292
7631
3840
1916
4937
1534
9191
4344
3088
7055
5330
7457
7892
3436
747
6630
2949
1732
243
8228
6377
1764
2483
7312
9921
979
5079
7483
4222
5372
