7235
1032
9478
4276
5181
6458
559
3474
7691
2808
4043
4830
3501
227
6099
4363
1873
511
2019
8708
4510
3168
3506
4836
6292
8998
4868
9893
1251
2137
2537
8163
8598
5189
1070
203
9686
2268
4571
2342
3910
1834
3222
1660
2138
6309
5406
6424
4800
3982
9539
5464
4797
6498
9208
4067
7526
4642
7984
6183
1590
665
2222
5553
271
5879
6232
8312
9157
5896
4676
9604
5939
9677
2676
9946
1845
2697
9982
3592
8443
5093
7269
2598
7073
3366
2099
5980
7003
5044
4284
8388
751
3245
9611
7668
1389
6259
77
7094
7267
8903
9306
9934
9524
5119
1701
6532
4120
5681
1944
8001
2591
3147
5572
4953
2954
3197
2513
4132
2331
2154
3219
9631
5319
7550
8926
1552
3064
2277
455
6438
9905
1175
6189
7962
2663
7548
8246
398
9447
2882
6995
3099
6283
5797
7604
7672
4658
4713
8191
3745
5945
4762
5112
5684
9674
4615
1974
6193
149
3468
1843
5225
5506
8096
6092
1971
9383
6990
290
5649
4267
3733
2884
9272
6223
6531
9035
1752
1322
3879
8406
7563
2263
2692
3959
1735
6063
504
8288
8048
5574
2052
249
5979
1038
1770
7593
8187
9704
5632
8289
7667
4422
2542
2211
1877
5840
9460
3142
5579
221
4871
6270
5062
4279
2961
2814
4136
4357
5908
8878
8702
2242
74
2214
3484
6905
8233
4453
8938
848
2047
5689
5590
738
3140
9721
3213
1748
9858
222
1044
5145
2468
5353
7181
3978
916
6759
8808
4778
4050
5347
9723
9410
8965
2180
2467
7264
8726
4972
7606
5007
4203
4730
8173
9181
680
4323
1138
3240
9600
2387
4498
5685
7834
3557
9774
4721
5033
9505
5988
1474
5644
4160
6798
6700
5965
6179
1773
960
7253
5949
3021
4885
2616
6036
941
