9263
7651
9806
1365
391
4670
2987
7524
4000
3992
5914
3982
949
2353
9560
5697
1226
7300
5704
1684
398
2462
1184
545
2938
1239
3709
1410
9123
3413
1016
974
4671
3549
4949
1154
336
6450
1917
6942
5259
1979
830
8545
1142
4824
8127
7454
8218
3372
3682
7815
3479
3677
1690
6800
6466
9261
8426
9151
961
1576
8401
587
2976
4940
9311
7400
7404
8405
5360
4775
5383
8761
6424
8419
1631
2638
9402
8114
3112
6254
3192
5750
9730
3200
7495
994
1859
8148
4688
1075
8024
2765
5981
3683
3577
243
5569
6202
5513
727
50
9813
8011
8907
2432
4717
7252
3270
5169
3828
9858
312
6038
4706
8384
2650
856
9776
7444
8316
5541
9255
3717
4285
6751
2617
2780
2741
4841
1387
7069
2600
2385
6204
3378
7738
823
768
2777
3741
8588
2979
859
1216
7711
6726
1274
5298
926
9387
5793
8757
7196
5185
794
6095
3726
2156
9814
1937
4510
8428
3781
6758
6658
3653
8501
5005
4912
32
9007
4667
4575
6952
6276
2857
3069
9039
5890
1505
7443
3914
2000
1276
4443
5404
7199
5410
7283
4012
8666
953
840
9230
159
9198
4101
4558
0
3073
2773
293
6014
9354
6785
4090
2620
8233
4518
3237
657
3117
3924
431
7067
4514
1781
5482
2214
2307
6453
3090
7721
900
1366
8054
3826
5345
6793
7077
8756
8510
2817
8731
7149
7900
2645
4490
352
2783
8966
892
4045
3355
5549
7029
408
2162
5645
7417
8618
2343
7692
6620
9682
2571
5114
7988
263
7275
1440
7440
4481
2146
4077
1106
1699
9918
6613
9135
991
1861
9524
7486
2198
3676
7544
5816
1024
3417
3183
1147
9660
137
6167
1346
6197
9049
4577
2786
4657
5759
89
5508
7526
3452
9564
1208
1471
5922
8708
2244
9031
8281
7627
481
8168
9133
7483
8895
7569
2171
7706
6845
4092
292
7779
4343
5979
2731
4909
5340
3827
4478
5232
1772
4015
9960
8746
4112
6335
4344
5102
4709
938
2115
1379
2510
5685
3178
7063
1565
5682
5216
2485
8052
3243
1415
7233
5672
5220
5229
8740
1012
6058
6903
5204
3803
2395
4152
9172
8737
4783
1233
7827
2604
2136
3153
8176
6400
1833
9552
7845
1085
9658
8610
1992
7179
8529
2727
8892
5603
4089
8651
4035
6911
7575
115
6976
9025
7891
2827
899
3983
5448
8262
9057
9272
3386
4936
9187
3166
4973
7245
6593
1810
179
1552
6445
5663
5891
127
2223
8515
3485
9117
1264
8824
1718
3317
527
9954
8257
8759
4627
7335
1730
7422
4337
3669
3800
5505
6170
6416
922
3678
6790
318
5765
4899
6797
7473
1445
7163
5008
3855
2434
6933
7621
9144
7792
448
1668
1618
8660
3212
6716
8485
1965
4475
2756
7214
2775
1863
385
3957
5807
7592
9807
2327
946
3059
6819
6519
3053
8508
1093
3751
772
4900
4797
9801
5192
5877
3352
3837
4551
7755
7710
6961
8304
8353
1289
1413
4040
258
8670
5300
4622
9897
6627
9340
7814
6817
6846
7388
4849
5098
5606
4703
5623
4734
1192
9574
8688
2955
2022
6897
6548
9406
8051
9882
2845
4022
2592
1769
5405
2479
2795
9838
5792
9128
874
8273
5456
1986
8374
5964
8987
9452
2148
3006
1338
3569
7160
1714
2725
1084
8235
8073
491
8575
9457
4969
4253
5618
9443
2619
2811
4864
9830
1301
3231
968
3647
7866
2546
7560
5903
6876
1506
452
5432
55
2679
1394
4559
8066
9001
1054
382
9698
5999
7017
5579
4778
345
9543
6832
9337
8141
1507
7963
6842
413
9494
116
4588
3905
4244
512
537
2671
2581
3462
2342
8821
5563
6764
1225
8251
6798
829
9935
1602
7231
3951
8067
3088
2200
8017
3121
6565
8734
9998
2489
8589
9641
3185
1278
9971
4160
4756
542
9845
7026
3418
3555
5956
4782
2779
5607
1086
1343
678
3412
6906
8811
2262
6164
6521
817
2044
2495
7416
6106
3847
3464
9852
231
5921
3579
9947
8280
6072
4009
90
3813
396
4829
7131
7418
5237
7514
5479
7390
9319
9077
1683
5113
3450
3342
2712
8046
2428
920
9571
3384
5725
8860
9200
5660
2806
8704
4606
6816
4235
8449
5768
1691
3685
4626
7257
9902
627
6456
4144
775
8547
5091
2656
4833
9295
3359
5962
7661
3655
4242
305
1405
8557
6037
1854
2672
8686
4713
9674
4866
6595
2473
9344
1759
9657
8086
788
2526
3115
5946
2608
7178
3768
6543
826
7976
9409
1246
3440
9155
579
4207
5463
245
2280
6068
1220
8048
7954
7769
9430
1101
3681
8496
183
5488
3070
9638
5273
5173
5134
3361
1127
4358
8836
4227
4788
9493
1027
4696
9277
3467
6234
5711
6015
8266
3881
1513
7377
2018
9568
2339
6515
3496
5272
6360
5337
4905
9770
5972
4020
7218
3079
1104
1409
1279
1726
7020
3257
8492
5963
4867
7969
2480
1606
1557
2260
3255
5605
655
1022
5781
7843
7328
730
9516
3132
5689
9791
9506
7494
7967
8797
5186
103
9324
738
7841
7458
9082
6852
552
6640
5527
2791
3731
3347
7510
2717
2660
3364
6195
7298
3260
4080
7321
1763
8593
1331
3466
8986
8469
6899
6278
6730
8829
1453
2936
2516
7763
3197
1940
8929
7291
688
5203
6724
8689
1958
6443
1996
4776
5306
8325
2601
7888
6022
2002
8974
9247
6127
5616
2083
9740
9248
9107
7712
4901
1893
4573
201
4897
167
4255
8368
5969
3391
2118
5039
9904
9372
7022
6990
3692
1593
7952
1082
8842
9312
5430
933
3541
7070
6324
1063
5207
948
5955
7616
976
7056
4549
409
8158
8345
9519
3546
2631
9884
3935
9343
6754
875
8390
8147
1295
8025
8870
5589
6462
3640
6659
6381
3097
7931
7305
761
2443
6163
7423
8927
2316
2472
9116
1183
9794
2736
9323
2799
1048
9606
316
7730
187
2801
4659
9590
2106
1467
8087
7916
4027
5061
414
2213
2784
3721
6512
415
4437
6120
1307
9273
6963
1501
5288
9546
9823
3662
2591
