7933
1845
2577
2236
4804
5538
663
8566
2656
3769
6699
2436
4671
625
5010
35
69
5419
665
5841
2194
8972
251
5011
4073
6486
4548
4613
4653
697
2854
1617
5365
2221
1066
9435
5555
856
7663
6288
4691
3536
7692
1509
6285
8459
5208
5448
5494
588
6003
7538
1956
1370
2823
8960
1594
7566
8162
8317
990
6050
3913
1958
915
5082
7070
2449
9559
5574
4480
9213
7756
4377
1149
8658
1279
8741
8726
5613
1278
9099
9119
4064
4693
5315
9661
3995
9397
2105
7841
7988
2693
9345
5297
8640
9623
5733
594
1202
1389
2759
5889
9919
6108
6790
9782
7579
220
4165
7681
2853
8840
2548
7039
1890
6931
9848
7265
5599
5420
3075
3051
7454
7733
6491
6520
8410
9079
2509
9034
5546
8146
7523
4224
8519
3210
9199
7956
7903
5532
2081
3775
5232
4423
4987
9148
144
2306
3407
1709
9775
8468
4994
5781
8314
9707
8434
2185
9616
270
1371
8499
7710
5131
2134
4706
1316
8324
8520
8680
7731
1891
9361
67
3339
9299
7819
3030
2745
7342
6375
6104
5672
800
9258
7077
3151
1741
5909
8811
4775
7014
8339
7633
4160
3582
6064
100
2289
281
7832
1819
3785
4727
3977
7884
9106
4927
2442
9014
1888
5404
9439
2274
3894
5267
2827
6910
5873
5057
1554
9574
2415
9709
3904
717
3551
1728
5906
9757
3235
7718
741
2464
9510
4556
2318
945
6822
1373
7970
8224
9298
6895
6922
9371
7575
6065
3738
8893
754
9153
4226
7231
8257
9404
4076
822
3260
4332
7378
9020
2685
5779
4169
4663
6974
2763
9338
2949
1882
88
4499
7086
3330
276
5520
2786
4533
3141
7486
7989
7013
9002
4081
3491
3509
1252
5151
8241
122
3562
7041
592
9203
6612
1115
2752
4707
600
3301
4399
5943
8871
9065
9727
5395
7981
3884
1290
6289
118
6846
9388
2007
3683
1697
678
1153
3236
1510
4186
1759
6526
7458
6494
4127
3663
4404
33
9825
2541
4184
3589
1069
130
5016
3764
3364
8342
3271
1267
6950
3833
3443
194
1203
7195
2929
9418
2074
3553
7364
1790
213
1236
7112
2539
2269
3650
1268
4317
9480
1257
6463
7577
2661
5798
938
3552
6680
6913
7788
4893
8238
2919
7926
3082
7263
5291
733
4985
7959
6271
5176
2393
3376
9833
3018
2477
1495
9714
7074
8954
1787
5693
7370
5866
7533
5405
6257
9377
2737
5160
5765
2471
7293
3479
9185
9456
5005
8359
4336
3584
4494
3297
191
2400
267
2421
1105
533
4202
5418
8074
7818
9284
1132
2062
556
7215
9730
9885
674
1356
2247
2798
506
2705
8842
6083
6353
3832
3021
6489
1355
5370
2395
7178
3466
2983
5152
8844
8535
9741
7690
4652
4267
6160
1416
8629
2241
5275
8473
3662
2228
2246
499
9684
9694
1425
6338
4751
6700
1181
8929
6718
5081
3914
3839
9667
3377
3748
6902
5521
2511
3712
3056
2816
8052
4575
9922
4937
5203
779
1213
2882
9074
3142
5047
1896
7493
3771
5839
6645
400
2143
7353
812
971
9571
352
2321
1749
5252
8492
2810
1570
8140
9716
8533
7442
6868
1641
6850
6415
9814
1497
401
7716
3836
6006
772
8792
7770
5883
9976
6625
256
5121
368
6358
2244
1844
8481
4222
7601
3188
9950
2287
8402
1311
933
3426
6513
4454
624
2130
8988
230
586
646
6951
3096
7135
3564
9580
3529
3978
9368
8515
6185
1313
3019
9347
2174
5197
5024
3159
2628
8813
6626
1546
8114
9313
2525
5072
7345
2278
3316
5259
7846
7636
26
4534
9722
9407
4709
4916
4641
4072
9209
582
2216
9997
7914
4078
4339
9256
8970
6360
3960
8837
3782
4609
2234
1250
662
4109
668
8549
1287
8485
9625
2767
6049
315
8243
7986
4741
7416
964
4342
7096
2527
7158
3267
7939
4060
9659
8876
1275
8610
573
623
569
99
6424
2407
2821
8547
6472
3103
3667
8710
9428
4452
1571
3207
5284
727
8374
6674
6544
8134
6686
2082
1333
8967
3311
6602
4449
1792
7274
2677
7911
2197
683
216
1818
5578
1920
8869
4491
1239
3429
3817
7729
8814
6367
852
4375
8148
2900
1935
4029
2488
6074
8679
8017
5090
3440
1945
2023
1310
6393
6033
1517
5450
9373
2524
5068
8909
2795
4754
7674
3642
3255
3256
8264
3604
152
6943
5749
74
3643
4373
3881
6123
2003
2198
6727
2138
2410
6924
2468
9928
7036
7784
6212
6993
8328
9306
9239
104
7181
6355
8846
2819
5423
9752
1486
3287
2566
6195
1948
7666
2019
7635
8936
3250
521
2869
2181
657
2344
750
1173
3327
6220
479
7391
6788
7420
767
4403
4269
3560
7526
7667
3304
6579
2446
5240
8850
9844
728
520
2261
2493
8576
4427
3743
7807
6437
7058
9447
4837
5604
7672
9492
9272
4094
6499
2616
8774
1180
3262
7750
1731
108
1269
9946
3941
423
6940
1806
2500
21
653
1065
8815
2360
6206
9613
4329
4821
8723
1922
9994
3812
7376
3173
1145
2351
7227
1953
9339
8998
7266
761
3157
3796
3865
6014
117
7640
2337
5583
7018
8426
7999
1286
5279
4138
6409
9161
5917
2928
3007
8186
1274
6134
6564
7249
5795
9454
5272
8067
1314
2066
3936
7224
346
9202
2409
5747
8315
7228
7180
6386
2976
5385
9376
1887
8212
818
2792
3081
4338
7754
282
1883
7662
7301
8764
4322
8185
7064
7515
5704
4063
4061
4933
4935
3999
3413
8688
6621
1847
8298
748
7187
5362
9929
1242
4453
5274
8825
8984
9598
9470
64
7319
4747
8446
9550
2906
8994
9321
8823
7271
9025
5313
7826
3276
6818
9379
3953
4392
8590
1133
113
3401
4393
2611
2240
6878
7375
4464
4590
4868
7616
9252
4967
5782
6752
7299
3024
1026
1723
1873
7536
8995
7965
7634
5895
4872
4592
1007
8337
1630
3734
7833
8332
6148
8513
2051
6710
6582
393
1649
849
5660
4411
4968
8609
1837
5410
2558
5190
8240
5865
5397
8977
4976
6344
2006
2782
3456
6252
3238
1418
6634
2835
7269
4701
589
6441
633
73
1024
4301
2931
2304
1484
9903
5982
9170
4504
6219
1176
2643
92
283
3115
3073
1734
237
8386
8866
7392
6982
2826
1779
7776
2132
1340
7136
3244
8968
1925
5116
1564
2465
6673
4908
4860
2102
6800
4286
1748
8775
6542
2552
4153
1628
8854
6204
1206
3632
7318
105
525
3919
3707
7771
4642
2033
1259
7251
9250
7527
2876
8719
650
6400
6825
5377
6284
3106
5234
5807
7373
1234
7186
5508
4389
2764
9679
3909
3583
4246
6147
989
4331
2158
2252
488
9766
3454
1248
3665
3503
5227
2028
827
5961
9140
2083
4297
1450
6545
2473
8190
7455
6525
6870
4487
3617
9293
4473
8289
252
5836
4223
9908
853
4745
6040
5620
6125
7568
280
1937
3717
4769
3057
2162
8062
4696
4443
6140
4702
5726
3618
3882
7630
4372
9359
5213
4975
6191
6603
4008
9231
9672
7338
5830
420
4904
2443
3772
6245
4509
2549
5854
8848
6235
2311
227
1393
5543
5812
5206
5127
1127
760
1737
8494
3195
6388
8469
5304
6168
5333
9708
5537
3385
4824
9805
8865
4022
3697
929
9108
2729
8028
8782
8136
7048
4986
9419
4798
1059
8195
4025
4545
6210
7496
4092
6055
5303
941
8340
7216
6145
3310
2850
7487
421
6689
7371
1768
2115
4276
5646
8031
3709
9712
5059
9340
3482
5885
4274
1512
8839
8613
2308
4773
2096
7641
5626
8539
5513
5471
5286
9560
4564
7426
9291
6080
9749
8899
4191
9465
383
2213
6649
6715
1820
5056
6969
2941
4632
1798
4010
8873
8112
1916
9702
8649
7106
1251
2517
1827
4240
9772
9779
8918
3155
3944
4983
5432
1762
9940
4422
2843
9883
5416
926
3806
3483
3797
2571
3673
687
6451
2152
9588
1606
1099
2939
6947
8555
7972
6877
6935
2902
1900
3025
7958
9200
4069
4451
5269
5390
3547
4843
3622
7453
9945
4577
567
8497
9092
2466
2342
1791
5394
3826
1482
5834
1910
8538
3990
903
1582
8049
3637
7205
1182
3286
6762
5302
8058
6256
8169
5486
7002
7405
8379
7843
436
9558
2564
5373
5921
2969
1692
9556
3939
2039
6681
5332
6528
6929
1291
2856
1283
9056
5029
5767
4406
9978
5996
1856
4505
159
467
2024
9538
2048
2675
4264
1284
3266
1808
1593
3282
9554
8502
2317
6130
8805
1670
7449
475
7088
9152
502
2472
9605
6972
480
9836
8974
5588
3409
3471
15
7143
3283
3852
2665
7
9589
9474
7462
1747
537
2088
3848
7191
7223
4407
3071
1160
1315
1522
3333
9576
3070
9297
5340
6293
1328
1757
4307
3966
5092
8845
6114
1662
3596
7810
7080
9677
3039
4457
1934
2340
2878
2095
9781
3257
5428
4945
2516
2249
2156
8493
3809
782
3368
4666
3296
5705
7439
6570
2172
3243
5528
8836
811
5990
5762
1637
8482
8875
729
6419
3245
6511
8071
6328
9362
1449
7621
7852
4679
2813
4441
2413
2100
1531
7333
5364
167
9634
4361
4252
4420
4617
8725
518
10
4934
52
6949
1421
6784
8076
9328
6554
111
7676
4157
7997
1777
3577
1857
2277
562
8883
2258
3651
1710
636
4923
6357
6170
7611
2917
2761
7492
991
5316
1456
7955
8941
243
838
3080
4250
6576
262
6620
6948
2948
2824
412
8860
3077
3788
9490
164
2538
4525
6423
197
2971
384
2499
4758
5544
5236
4284
2585
8345
3193
2915
2034
9723
3704
5682
3388
5089
3688
1975
3533
5757
8750
9840
3270
7327
8453
790
5033
288
1501
45
7867
2695
1750
1817
4717
1384
2663
363
4478
1763
5667
161
1754
9767
6460
7905
3034
3751
8222
9437
4627
4918
719
1965
6957
4131
7555
3615
2904
1414
1988
1855
1008
8670
3705
1611
9055
3993
3083
867
548
1947
1998
1823
8429
8068
8001
6899
3998
5706
6231
8147
2762
8747
9765
5451
5022
4977
4363
8872
2726
6610
382
5238
7649
8462
6089
5607
5194
3664
165
3425
2940
4880
6966
4672
5318
5380
5845
320
932
5591
5415
5525
6970
8838
5023
5212
8047
7434
7336
1660
6348
956
2648
6530
5083
9600
4485
142
8010
9690
4585
7407
1230
8250
4788
345
4306
4344
2870
8056
8636
3982
6356
4952
5378
5505
7544
5305
5702
2731
816
9315
5849
3703
1106
2903
5383
8959
7944
7615
9797
2646
6990
7354
8085
2678
2547
1211
6442
4647
9107
7006
2598
2704
1366
1254
1705
7433
5473
7592
8457
641
1764
2673
6038
2103
970
5580
2858
553
7951
6320
5244
6760
8138
8137
6767
1540
9406
5897
2785
6254
6577
2997
5910
5483
2363
7173
8896
1362
6321
1171
1919
3001
6509
5417
3677
3526
4147
2044
4753
5045
6010
360
9295
8705
6052
9050
1584
9888
3422
9460
9105
5114
5487
3217
5685
1155
4958
8922
5589
5135
257
2432
3988
8471
740
1532
6987
965
5122
3068
8467
3345
9845
9777
6556
2030
9579
2
303
8189
309
889
5697
87
7087
9355
4140
4159
8447
3620
5062
1293
123
9147
7928
2118
4149
364
149
7217
5180
2366
6291
4188
5556
3209
2429
3685
7189
9851
5803
1444
9900
1609
982
8908
19
9725
4783
3571
5262
9174
2883
7659
7883
6153
7825
160
1244
3079
6488
4906
4720
3064
9951
8603
1190
1377
9016
3131
6836
9296
6116
6483
2218
9382
1240
7198
8084
4426
1608
7104
7117
1305
7897
4089
4546
7531
9364
8002
2042
6772
6537
5179
8545
1031
304
4781
3406
4554
3587
1542
2635
5665
3613
8442
8919
4046
3298
5946
8645
706
1148
6643
3845
9652
5129
4793
2523
7038
3994
8350
936
2416
9549
1019
7054
4973
4779
6354
1453
8880
3917
921
9082
7995
7253
3239
7563
2385
4901
7001
1063
2689
8627
9619
91
7983
1629
5445
1042
6243
2642
1167
927
4351
9695
7763
8731
6047
6797
745
9547
6705
1395
5965
1337
8784
7657
1459
7234
6654
1612
8763
253
829
1098
6366
6332
6995
4921
1431
1457
5246
3937
9631
954
746
318
5193
5983
8223
4126
2845
7787
9582
4091
4670
3932
4273
2738
931
7509
5630
7902
4948
431
4412
3336
4553
9964
4507
6091
4847
5981
7017
6335
2779
1101
6702
3520
8544
6628
7499
7183
2507
3006
6618
4001
8267
5905
6273
4598
8259
9618
554
4257
8110
7652
7443
7937
6319
8151
6408
1199
495
5867
6708
6805
4302
7323
1841
6911
7713
1011
6173
430
4562
6505
6502
7814
7084
3898
5523
4287
55
9246
6187
4854
209
4445
7068
5511
3404
37
5148
9468
295
5794
2294
6156
7346
396
6640
1270
7507
1645
9905
4115
6596
1387
1580
7835
2012
1703
8077
7396
6986
3381
645
5500
2769
9413
7037
4789
6928
9366
6941
8945
4397
5957
1738
4429
2703
2952
8915
2016
8456
7313
8592
4216
9573
643
6546
9751
1140
8501
7114
2343
4607
3698
9326
2021
4639
8889
7614
5745
3624
6339
2967
3776
6398
6585
752
1936
9581
8634
572
7355
196
6297
2398
4646
4817
4624
2085
8602
6605
2980
3626
9247
9995
3816
8423
9841
2846
9760
7877
6606
5393
4245
2058
4555
7748
5177
5025
6084
1088
8753
1824
6490
2968
928
3341
1715
881
5174
9793
7697
4066
7337
757
8119
9740
4768
749
4803
2052
6531
2588
261
2534
9446
1842
3576
1892
4873
6936
8170
5474
1932
6872
1917
6418
6162
5724
218
7991
7218
6991
6565
2214
6058
1562
7021
6290
9959
380
667
807
9038
1597
5805
9193
2587
2644
1745
2868
2455
6533
4584
7600
8360
4596
3042
5542
2387
5277
8292
9205
9184
1972
6492
5610
3893
8620
2364
8798
6817
4413
4820
8464
9759
9524
6538
8690
1598
5783
7624
5264
9881
3761
3305
66
6127
378
5027
1438
3460
1600
6844
2640
5964
2420
6225
1138
7974
457
5875
9918
9290
8834
8712
494
374
708
4011
2925
5314
5113
6236
8419
1789
2966
953
6864
6884
8200
6269
5602
9985
1398
1906
7430
6209
6192
2965
9398
6498
8628
5412
649
7306
4436
8172
7020
5409
9834
3875
2405
634
2239
4771
723
2227
9621
5787
27
7331
5596
240
5649
373
8890
6416
8256
2787
5823
8963
5842
2607
6962
5954
4885
7894
7595
9207
8682
5558
486
8740
4626
4944
5746
278
6523
5791
1519
9732
46
7932
9032
9461
585
5261
8928
8115
265
7219
1726
289
336
820
9753
1022
5429
3143
6138
1732
6996
3059
6110
2560
8123
8021
5853
465
8621
4532
7712
4071
3478
6828
481
13
9303
4065
2474
1183
8912
1396
8801
8178
9785
8737
4031
4447
850
3356
2818
7141
2243
3592
2155
9871
4117
2325
5768
5324
8601
2662
6124
2930
584
6259
7197
1164
9843
6067
9396
4102
8623
4173
6861
714
1273
473
319
6713
7279
6475
2496
4016
3412
5430
9179
8323
9987
7919
2771
1558
5621
4390
7820
5298
4195
1247
8025
2002
5464
2445
7328
9322
8354
2457
264
483
5984
8672
9444
5850
2127
8942
7942
4101
7257
6882
5519
2638
6277
2266
5276
7529
3908
966
8102
9857
9969
5495
5461
5137
505
4974
5053
3247
8211
9380
1803
2175
9874
6521
7024
5188
445
3802
2984
1853
6180
4883
1795
8608
1834
9817
8142
5017
570
9587
5880
6631
3480
5435
7491
2120
6376
545
316
9391
8066
2886
8260
6512
5401
4489
504
7901
5778
7656
6054
6985
9281
1897
3140
5104
3194
8810
6294
3242
3041
1588
3067
2667
2461
8113
5111
6623
5282
3206
7344
9312
9238
2913
3532
8895
2989
4199
5764
8778
7404
5080
6044
2159
1448
8916
9386
2711
2796
5103
8059
8691
5923
4863
3955
5896
8683
7398
8841
2750
4288
9590
5852
7586
8174
3240
1035
578
5064
1047
854
735
3031
1528
660
9157
9423
916
8179
7361
1905
2606
8253
6635
8422
3996
6944
6730
3005
7927
8363
2994
7643
9899
5526
4009
7428
7947
8444
5810
9133
2090
3568
4243
8751
2324
2855
3216
9141
3289
2142
4218
8104
5329
3791
7847
8803
3165
6135
7725
8143
1708
3630
5413
3487
9998
3461
6795
9120
4853
2700
8301
4253
5507
1308
3383
9790
9324
1241
4155
9641
5968
5843
5659
4799
3337
1246
3803
5679
6493
3022
9673
1091
9545
4549
9501
4826
6975
9640
5098
246
5623
4162
367
5258
3820
9009
3502
6765
4260
7505
2822
361
6073
6106
5091
1204
8310
8868
6018
7436
4552
7714
4673
879
7222
1859
403
9870
1082
4241
6043
3633
2735
3397
7321
8472
4980
5506
8089
2193
9595
8728
4884
4841
141
8516
2728
8949
3201
2092
3380
1280
963
9713
490
1832
2137
9384
1458
4912
2456
2208
6584
6619
6351
7626
3130
3619
4100
2084
8197
7093
17
8361
7192
5266
9394
6471
8754
56
211
7270
3656
9745
9316
272
4282
993
6761
2609
3653
4194
5460
5414
7732
3421
3940
2290
4895
5444
3203
5271
5736
327
7864
7415
5860
9103
5101
9963
4354
2768
7924
9438
5136
5752
3538
8022
1072
3934
1056
8524
6115
7920
5032
6541
5970
9010
5256
6314
6238
1971
359
6015
9479
1587
1640
9692
9665
5323
4680
2531
179
9494
9617
513
1751
7813
3800
4182
9956
4359
3575
5146
8440
4656
5901
3392
6875
647
7673
575
3375
6365
6743
2354
290
3700
5563
3855
2732
7280
254
2365
135
7762
9075
6657
7851
78
1053
4961
4612
6676
3231
6150
7874
6126
3606
6581
7994
3302
3695
1404
3285
1904
824
8926
3168
6111
1374
6831
9910
1500
6056
5690
7393
468
4625
7705
3299
9552
6151
9286
1809
5577
8730
4477
7170
7027
1151
7709
1443
565
6428
1043
6216
2106
9862
7246
4865
6302
1439
9671
1435
4957
3118
5627
3208
3453
6824
2699
5797
8100
5433
9643
1485
9683
3048
5501
8196
2255
1691
9705
9275
7291
4805
5734
2116
5524
4256
3740
3654
3728
2942
2341
7467
5934
188
3371
9872
1761
1607
5755
6522
809
627
8595
7576
2314
5427
9307
4467
3951
2553
3915
6069
1810
7363
9476
8182
9800
5356
3720
5211
2494
6721
2046
7973
2133
155
9181
2691
418
2960
5153
8824
7315
4087
2293
4058
4659
6279
8794
2170
7103
2932
1496
7179
4734
1391
4402
4323
1466
5547
866
5713
3062
7483
8093
7892
4648
9037
1513
7802
1693
8589
5696
386
6563
5732
8258
8427
4730
4740
6879
4920
3112
1281
2399
1578
6371
9134
9210
8284
1359
4800
1483
4687
4347
4828
7119
6136
1426
7264
2743
1214
2972
1536
7755
7961
9737
6190
4806
6131
7304
1413
6597
9973
3657
997
1833
232
8425
8987
1170
9191
5442
1655
1843
3627
6237
6748
3603
3374
4036
5063
6716
8556
7042
4636
2072
3234
51
2478
9138
6266
910
5818
2740
9330
8709
6791
4055
6998
1036
689
9569
8677
2601
3225
3464
8251
1676
1722
6981
4350
9097
8248
3718
2963
2717
3497
4665
7245
9718
5639
7866
1392
1874
8073
3395
4832
8
6586
2195
887
331
5793
7099
1064
1049
2348
4358
7693
5806
1041
3133
3991
6574
9104
9248
5618
1005
4926
5398
329
5107
5701
3416
5948
7132
768
6923
5003
2927
1924
306
9551
5201
8676
8321
140
7882
4227
6820
5727
7394
395
4019
7254
7241
8081
1991
2390
5093
185
1505
8745
6671
7267
5311
1454
6722
3668
2070
2049
8881
7689
5187
9738
1746
983
5178
4683
2224
7559
2811
8135
3183
6753
9137
7305
5248
4440
126
1265
5678
9260
3585
16
6031
3110
447
2765
9758
8903
1493
4112
2583
3086
6914
3138
485
8087
4744
8633
747
9611
2926
3319
4163
1592
3558
6193
4448
8109
7687
234
4660
7562
328
7543
534
2637
3100
3332
1929
9478
9158
836
9838
6439
7917
6893
8804
8935
1071
419
2068
4748
8786
5399
9085
226
4905
4970
4519
579
555
5493
7661
9774
5086
3702
3033
4996
8739
8768
5216
9780
1408
1987
4475
4942
9486
7765
2358
8458
3177
644
3463
5440
5458
5214
8660
4463
7045
5780
8082
5489
6253
4446
610
3196
1717
7329
1586
8094
6326
1626
3952
3900
3968
5949
5112
6519
536
11
9162
4002
3997
4861
6205
7162
7156
1196
7996
4166
3090
5117
3765
1911
7968
6942
6454
7134
5459
7685
1755
3863
8951
4335
8759
598
6968
2384
5512
694
6897
8330
7459
861
1656
631
4038
7144
4082
2877
1476
133
6853
5407
2491
8149
2361
1430
5759
6967
1029
788
6403
596
986
6264
7190
4677
7721
9222
5491
5367
9416
6473
1559
4622
8370
2892
701
1677
1560
8145
8322
3227
688
8822
3730
7821
2775
4558
1719
4770
9542
2657
783
2944
9110
9177
5164
7703
4586
5629
204
1811
5994
5686
8652
8202
1323
3600
3349
8044
8732
2450
8274
9144
9773
9936
3658
9378
5653
6002
4041
1514
4374
2958
7853
4238
7258
1669
5371
2280
6466
388
8622
3028
6118
2592
2808
3179
1930
7210
8246
6221
4867
2887
6307
549
1668
984
6322
5026
9802
190
9459
1474
1992
6604
3773
3306
5035
6350
1983
1298
9546
147
862
9584
7164
4712
7326
2986
1350
951
9907
5482
3595
6079
5477
4551
2401
4379
1186
5325
3436
6961
2914
5319
2121
6768
5441
9784
5929
2476
7203
8108
523
70
1016
7824
1440
271
6506
6747
1894
9676
4259
3727
3499
994
1341
7870
1581
4645
8605
8153
5198
5241
3856
9101
3365
5944
6411
9685
2059
4502
8065
9536
4608
9529
743
8489
7517
3976
6958
1946
6653
6417
1805
7830
9282
8626
6971
238
1368
5661
632
4327
8357
8228
4876
2959
3125
5709
9829
3029
8220
4764
5695
6373
8743
1706
7520
1461
6315
6020
7584
2217
5485
7410
4870
3963
4180
406
7613
2206
4542
4995
5265
6107
6896
2992
9537
8307
6809
9511
9167
6744
2199
5572
2990
6575
210
2995
6835
3557
2620
2706
8308
8484
4108
9195
593
2330
2908
1477
5321
2492
3840
9102
5966
7153
3628
4669
4371
6830
8206
846
2000
3486
9615
9276
4684
1052
1123
2701
8917
4414
4095
7669
369
7717
9154
2230
869
6404
8992
8335
277
6336
8477
4862
8593
1464
5210
3353
2788
7979
3505
5751
601
8914
6751
6953
6614
1702
6249
3150
4493
7004
940
774
4786
7912
324
2305
5938
1963
3439
4251
1952
8139
6860
7734
9061
1363
9585
4866
9762
8961
202
8701
5989
4601
2013
3192
2864
228
5426
8295
3212
4989
1821
6704
6479
7450
8885
1197
143
4145
9411
5774
1006
9664
4576
2542
242
5735
5308
4353
1724
5199
1433
5848
8937
9876
1394
1543
9268
75
9004
8557
456
7990
7089
9221
3274
5753
2970
8040
1727
2126
6391
4385
9473
1154
3767
8296
1025
6263
9612
8121
5307
166
5463
4704
4667
4852
2502
583
897
7023
7142
5920
5689
9531
9847
9015
1576
1192
9609
5522
2804
510
7022
9703
6543
3322
9228
8126
82
9880
5366
7747
8165
4310
4857
5652
175
6217
2893
6771
5041
8319
1126
2597
8713
1720
8932
6739
1696
6359
3444
7377
8326
2164
4051
3850
199
1980
758
4077
3085
5345
7047
5268
4370
1713
5763
4638
2714
3137
6719
5953
8479
4982
2773
9592
7322
8962
3268
6568
616
8483
4303
7012
6823
5980
9497
2563
8673
9027
7984
8203
5421
3599
1923
1830
1097
6154
8411
9706
6029
5669
4121
6783
1683
9183
8648
4827
9934
5936
4848
9970
279
3213
7795
526
7482
9164
8191
1152
8400
4755
2519
1977
4524
3338
5691
1329
2035
6081
7514
4415
7724
6063
9979
7480
7837
5874
1289
6763
5502
6785
4369
531
9053
6129
8312
7935
6197
5357
4529
3379
1172
919
6918
6644
9962
5249
7488
8461
9988
7145
4152
7751
821
5192
9901
1615
1814
3132
3384
7706
681
3163
9358
8133
7508
9485
7844
8349
1941
6484
7868
6268
6068
3390
106
6327
9125
5937
350
3389
1420
3190
5436
9904
9031
4324
2479
9402
6048
3746
7063
1378
4743
1981
9007
2406
491
2518
4455
1518
7031
2781
7452
3544
2419
5740
20
8985
6535
8877
9678
9801
9642
4057
7921
5141
1852
9385
3554
4433
5741
3127
1322
9083
5698
1358
7235
8208
509
690
4812
5554
9649
9098
3164
1200
7578
8167
9599
8651
3676
8032
9440
2746
4113
8092
2698
6448
1297
6395
6133
8000
5335
9001
5548
8393
3191
7780
6832
5391
5322
713
1441
2649
1960
2626
7625
909
4644
31
5454
438
4941
9699
9507
8812
7498
5974
1667
2371
6558
6434
2686
5492
7040
2301
876
7484
2063
4737
5290
8364
5447
561
501
5748
2825
1650
2721
9691
764
4896
7444
6270
9484
1002
2760
9054
6734
4461
9070
987
8849
4931
6539
6552
8051
884
2256
2603
9820
9077
7945
5296
1535
38
4300
6070
3232
1076
9499
2987
3770
2725
5285
5229
605
8496
5030
6858
8344
6013
9958
6450
1309
7211
7397
3000
8299
1282
3854
3565
4280
9917
9877
2117
1237
9448
1694
8286
5536
5156
1116
8939
7887
5067
8692
6919
7213
1175
9819
2505
4964
1915
3309
9280
5703
1875
7464
4479
4915
4261
1688
2350
6647
7049
8931
2235
9089
4858
6915
6553
4919
769
192
23
4938
4814
7005
2184
1228
2439
7046
6260
517
8927
4728
2613
1796
7043
1054
5771
5662
8788
2544
3710
2950
5995
3967
4237
7137
6750
2961
5344
4462
8078
5044
9769
2828
3888
6397
5992
6041
3931
877
8227
3540
9043
1343
3396
8729
6211
6280
6873
2177
1766
805
9113
5924
1774
7668
7034
47
3089
2866
3918
5985
9395
6885
3815
3126
6834
4953
8018
6100
9568
1060
839
9045
3912
269
9310
6529
3716
6757
379
4888
2272
7109
3393
3907
7330
61
894
5254
62
2345
2973
2392
6427
3387
3706
8424
1039
1260
5720
9393
5777
5138
5776
29
2233
9264
5181
999
6695
8033
2425
8233
8020
9505
9711
3494
4780
2097
2912
7871
7587
4924
5339
4111
6445
41
8207
1473
9159
5857
1550
4565
3264
1159
699
7500
1166
874
7931
9080
7593
4059
1771
2694
4718
8313
8271
568
9813
6810
551
3230
9022
4410
5021
9647
6711
6888
7839
1870
9166
8466
9126
5360
2151
7766
2794
4992
8045
7993
7943
7806
4604
7936
3521
4681
705
4875
4855
3586
6443
9024
686
5881
2784
9372
5738
6228
9417
4655
8371
5619
7343
7314
2032
7558
2615
137
4458
3943
7256
2727
5624
4103
3145
6300
5018
3948
3635
8964
7966
5648
7157
3403
3122
4898
4486
2655
9799
3983
6142
4784
2891
1689
841
3890
2146
3609
8980
3652
2372
2232
870
6939
183
3027
3417
726
4822
8659
5219
1700
5074
3684
7553
8204
4142
2532
5628
3104
6304
7567
7858
376
4600
9863
8615
6071
6019
5231
4910
5095
8389
9543
1417
2211
3846
4932
8193
9194
6059
8528
4430
9057
296
4528
848
9815
3675
7875
455
5355
3303
3402
1139
2770
9036
7435
1028
53
5925
6701
3153
9317
5518
9842
5603
8216
2744
7670
6737
5125
3290
6287
1812
9109
8787
4761
1174
2201
1467
8005
1021
1306
7349
3432
9219
7308
8255
1575
8127
6866
786
9353
2897
1577
6696
8667
6567
5530
6202
5361
8720
2165
9487
4232
9890
1815
8808
707
5334
7860
8569
5641
5664
9426
6755
8681
6865
3205
1959
8348
4456
5858
9866
8665
3197
4794
7904
9331
5988
8736
9069
5657
679
7632
9720
9294
5551
6685
9856
5674
6756
4960
5142
5051
9638
2196
5712
6600
7760
95
1208
4107
4419
9253
8851
7133
3113
2575
3629
3926
3490
7728
4007
9124
8934
4714
1567
2336
8381
6410
8574
860
602
8095
6691
6295
9607
408
2418
7175
9084
7516
4807
937
1539
7461
3314
1678
3942
5124
5644
6578
6803
5389
8685
8441
9136
7281
9743
5614
5754
4756
2145
7094
8188
6921
1673
3959
3737
4594
759
6467
1321
8155
6090
4198
5351
1521
9889
6435
4657
8294
711
8254
6496
9424
1073
6377
7414
4432
7618
6601
8646
3989
6593
2716
6742
2005
3877
5061
7107
3124
4628
3828
9534
5457
8817
4265
9902
7856
9697
6707
891
9335
7982
1400
5253
1658
3621
5804
2556
7598
1865
865
208
8888
7207
153
1475
9575
3975
771
7565
4285
3228
2169
5913
4917
9131
1003
5270
3399
4298
7647
9463
3610
8734
7051
3946
3778
3038
4045
7387
5847
3768
6980
1294
9594
3367
6175
3123
5900
4204
4161
4993
8863
6733
8498
1867
4619
9068
3284
2480
1506
2388
2802
8265
411
9688
1909
1292
1642
9606
7715
5084
7698
9458
9427
3277
7737
5479
9354
1492
597
704
1785
8086
9442
2709
4819
4733
3512
4164
178
8291
3472
514
9452
6898
4658
8247
7290
5912
3458
2265
311
6096
4293
249
9798
8531
2412
9768
5480
9304
6698
3017
7056
677
6066
1899
7091
8266
715
6413
6697
1967
6143
4668
9949
9008
9433
8261
6781
2431
4225
1000
9789
217
8412
4725
7214
3292
6324
4033
72
1096
1050
912
6008
7581
1913
2890
433
9283
5715
5
5126
6144
3109
8835
6465
5731
5658
1033
3418
3853
120
1014
7208
3437
9436
8907
5283
9145
9300
3180
4846
6349
7174
4391
1549
3687
6792
6024
4729
908
3825
6431
8338
8572
7503
174
6452
2633
6369
3121
8564
3004
9319
969
7675
2521
8395
3135
9289
9190
89
7011
5951
5352
3649
5143
6331
6965
2069
3344
9892
8474
5993
985
4190
7320
2504
405
680
413
5123
8141
6296
2329
5600
9392
8215
1402
5498
2357
9858
776
9728
9651
180
6117
493
1463
5581
4416
176
5237
3754
4512
5821
8597
7131
8054
8887
3925
8997
8413
9003
4027
9939
9865
6633
6536
1332
9682
2733
6726
3829
9966
4676
7412
451
8647
9063
8894
6407
1157
1686
5800
4326
9535
946
7651
6181
9655
3708
2688
3681
4752
3352
7702
498
8765
274
9526
2780
8362
1861
6515
1699
8372
8351
7066
5517
6001
2574
1079
9925
1048
245
8036
6182
1195
7549
4244
9381
6094
1219
6379
5730
6218
