1423
1761
982
1159
683
7077
777
6372
971
9563
3902
8878
2672
7585
9256
9419
7222
771
5514
2743
2367
7961
7300
5481
3702
5849
5275
9083
5474
5347
3045
5971
7180
4048
44
8123
4919
1153
2473
8142
3131
8128
4960
5501
6515
4235
3347
8177
7143
3369
7
9954
1257
3692
3914
3461
4460
7457
4833
1802
1694
898
5624
6518
7931
1697
8623
7540
1132
4500
6069
8297
7372
9612
4238
3001
1799
8965
9467
2501
7098
1939
2104
5339
3090
4713
3488
133
6582
3663
9417
3695
7639
6340
1436
7230
9335
8982
8584
2537
4723
636
6011
8869
3938
1656
3885
4080
9676
460
2661
6535
7990
2332
4704
9755
8793
285
3428
3217
8209
8489
957
7469
5082
2373
658
1031
8175
7007
3665
2817
381
6929
7777
6461
5927
3235
1400
1433
828
9407
457
6122
1002
2882
5705
5307
1636
1681
8437
9050
5554
5366
4327
6234
9678
8542
3786
1565
998
2853
5905
2669
6795
9843
6153
1060
4554
8242
3827
5557
8884
1994
2389
8802
8032
4835
6467
2200
6667
5351
9395
6493
8569
4614
7262
5014
2602
1543
6782
7385
9449
9834
434
7974
3502
7787
9326
1158
6728
4645
752
3393
7853
2880
165
3559
2977
5525
8201
4843
2074
1586
4898
5647
3458
9411
4099
2180
2580
1138
8458
3010
1460
6441
6108
1559
4415
5299
244
5508
5308
5471
2021
4598
6001
8640
5689
4449
3703
2037
7076
3342
5310
7862
4936
4787
4515
4091
3688
7146
8577
5589
6187
7742
1933
1411
6771
1115
1999
8562
226
7956
9334
6766
6114
2876
1049
7456
770
8409
7730
8877
9101
1381
9668
9521
1130
8245
4113
6772
9899
1207
6556
8362
6731
9881
5834
6855
4068
7228
8917
3333
1703
3475
6850
5385
2604
8544
1747
2059
3738
7059
3320
5278
9415
9700
6488
4805
8074
2411
281
8526
7001
5227
8662
9018
1399
972
34
6233
7041
4193
3387
3542
9491
4397
7173
5625
4531
4282
6916
2586
6497
2054
3033
2840
7887
1277
8946
7031
1029
8781
1657
6947
391
6332
6476
4812
7831
3986
1632
8510
5017
9544
3671
9777
5786
5018
2526
862
273
3791
5495
7695
2028
4947
2193
5822
1131
121
2025
3003
2839
6012
5411
1730
6595
9100
8065
696
813
6699
296
5284
4075
7036
9168
8109
5491
3928
4504
2530
755
4989
6162
9252
1384
4283
8989
6700
3864
9606
5506
2674
9005
4132
1941
3182
6686
6953
1830
49
3573
3495
210
3619
1046
7910
8704
6653
3022
4630
8097
8498
309
5256
422
5568
7343
737
6680
6413
1823
9999
6431
5677
8307
8031
9355
7227
4927
8804
6975
2481
7181
1493
5951
5632
7316
3474
5578
2336
3678
9233
1509
2365
3748
3710
6373
5838
5949
272
5416
8225
3574
7064
4532
5049
2738
9879
9348
9426
8094
5826
1122
5824
7827
8928
9616
1710
3421
3206
835
9487
6321
7198
4168
1561
5942
5645
854
9088
2855
6702
7258
4255
3607
4429
1418
582
4578
3595
6229
2909
5583
3406
386
1183
4537
5673
4782
6756
4127
2527
7066
4580
8738
7252
9865
364
5596
8572
9006
2971
4420
8566
3572
4466
4498
8198
1127
8843
9611
4605
6577
738
3782
378
1404
8609
863
4097
327
9635
2677
5516
6355
4564
1054
7094
7782
7999
4336
6576
435
5966
2616
965
1206
283
8558
2999
3684
7455
9975
2160
6514
6074
3110
5391
6986
4474
4045
2643
4784
5889
8055
8111
9934
4033
1061
1612
2078
2241
4161
3355
7815
7761
439
7402
579
5539
1960
6642
2701
3356
9841
4472
3984
2390
1012
9686
9862
2531
7791
1181
6727
3094
348
1414
8966
2623
5843
7896
9919
2352
2718
8766
5348
4951
9583
2260
8935
2084
6000
3187
4699
8270
1444
2671
8670
599
2392
2379
1629
5563
6633
1034
7529
4307
230
4124
2994
4019
6337
3436
7488
5771
8635
7439
1428
7426
926
447
1790
3539
8210
4824
8904
8742
3952
5243
5503
722
7154
2132
4314
7422
5276
2029
4810
9090
1981
6266
8382
1262
781
6966
1413
1231
9171
4966
1452
1182
3773
8056
7495
9319
9483
1326
5382
4076
66
1093
9301
5896
6765
8616
4321
16
6152
5396
6115
1357
9809
2310
5156
4042
3230
1776
7504
2721
6071
537
6087
9540
3381
6819
8102
5793
702
9428
5013
1914
5173
9081
4016
7056
3392
7092
1214
3019
9569
5336
9825
3963
5745
2338
2371
5440
8095
3605
6572
7344
5021
8763
9808
7225
5235
9496
7502
1913
359
4693
6687
6343
7894
7137
6075
1581
26
6174
8383
412
1507
3052
967
750
9714
9418
8330
4480
5731
352
2606
5823
8441
4569
151
317
6790
1821
3895
9589
9300
2660
4876
8649
3481
6068
8607
6263
789
5414
1921
5221
6160
5837
1969
7796
9057
7511
5817
1166
3021
6182
6
2087
7902
3325
5757
6024
3236
4353
4487
822
2206
392
6091
2100
3349
9723
8217
4941
4938
685
601
2281
8732
8181
2521
6499
9279
6003
2729
6568
3118
2653
2788
7786
1620
506
4765
2178
7568
734
5337
3630
1577
1704
6957
2467
1442
4804
1240
5068
1402
262
5621
4592
8805
9524
3956
8349
1757
4254
7738
3302
654
606
7710
176
2759
3116
9867
6943
5101
6604
816
9542
8001
3536
1286
1763
1877
7584
1386
7523
9957
8150
2815
7270
5241
8221
9219
8976
1083
4541
3838
8402
2642
623
1861
3340
7093
1064
2308
8285
394
8678
2418
9981
5955
471
2490
7211
154
1916
2455
5286
440
4935
4538
3897
891
5860
560
2766
2414
6900
7377
1675
7946
4670
3101
7129
1279
8659
615
4852
5259
2266
4406
8505
8592
7330
6486
5851
9927
9405
8053
6129
7770
4387
9503
8930
9433
4
3081
3137
2524
7819
6397
4878
8815
9661
3796
4671
5587
9675
2271
2386
7267
3229
9082
5928
1048
7450
2269
9892
8017
4684
7505
8713
7626
8461
9728
4847
2177
1268
5980
772
932
8806
7671
6190
509
5608
3382
1065
6453
5498
4896
7116
5549
5701
351
2033
867
2631
9802
1713
101
2035
955
4067
3490
739
7498
8582
8222
6405
6494
2297
276
8257
4858
6940
6660
6510
6951
8230
2006
3816
2911
4027
829
144
2561
401
969
9218
7569
4155
9554
1541
325
8955
6915
6673
711
9054
3403
75
5818
7174
4186
4206
6120
2850
3483
5365
6285
1525
8043
40
9967
7354
6020
7821
3056
3078
8842
687
703
7386
5119
6618
6626
9275
5091
9798
3856
754
4953
2969
8375
6194
8118
5735
6067
1284
2629
1510
1500
7231
357
1600
894
8852
7654
3529
324
1232
5130
6471
6799
9086
9502
6224
4207
274
9142
1727
1905
4384
7645
1627
5828
7406
2775
9403
5876
9386
6268
7674
4196
8291
2143
326
298
9522
9822
1575
7107
7726
1894
1527
2142
901
7323
2083
5326
5343
7215
3249
7224
1826
6123
2981
8457
5727
8397
923
5467
115
9955
6532
6078
850
9584
3860
9118
2383
5191
4519
8101
5511
5816
6981
7261
8552
1535
4060
925
458
946
1066
4203
7317
4095
8099
652
1639
7610
1938
4994
1291
1316
3463
2965
2943
9328
2705
3724
612
7164
1475
8465
1224
2370
3931
6054
9030
5131
9784
9267
9657
1800
1317
1096
9787
5417
2879
490
821
7266
5970
5856
5089
8570
1117
773
3766
8361
6592
3590
152
5629
6875
8281
7708
1556
2908
8920
4583
1506
2049
3806
1164
1625
9055
1762
3233
7038
4208
2495
5368
7281
5361
4937
8256
4943
1365
6066
1648
1728
5466
2912
7135
5171
8934
664
1901
2683
4463
1282
9492
1718
1589
2003
8535
3359
6552
3809
5380
3134
999
2346
4651
3976
83
9375
7740
9516
9896
3589
6628
4626
4653
4298
4441
1562
5998
7954
5445
6538
3354
9361
2887
9314
9513
7838
6347
6136
2824
2315
7924
9465
4380
4430
7890
9595
8129
7376
3882
9060
178
9367
3855
5102
9945
5000
4392
1173
8113
622
7195
60
8226
1677
3549
1256
5223
8490
1829
1982
360
6517
3651
7131
2456
64
8408
8393
1984
254
8470
2491
1459
1135
8432
1142
7899
7301
5609
7184
4369
5316
6212
6046
6872
9736
8886
2053
9817
1796
1450
2813
2544
5323
9704
2229
1871
8190
9806
8890
3207
1057
4026
3764
3396
840
2461
9215
6449
6466
2761
7140
3852
9803
1536
8656
3098
6952
3176
9518
5619
694
5779
8645
8591
4105
8194
5072
3737
8994
4563
6425
3004
4988
2845
5972
1531
6237
7355
3635
5346
4983
52
5403
474
5520
8168
8773
1238
6629
9372
7588
362
8247
5118
9291
4267
4142
2712
7472
715
848
4815
8691
1567
8295
6939
2162
1983
795
8593
1499
4964
7756
7933
7052
4625
853
2767
9365
1215
3088
2634
1853
4688
9626
704
9476
889
7205
2942
9690
7210
5604
7451
6524
5576
5660
4722
4241
7747
9716
265
5431
190
4093
8800
8929
5723
9074
2713
3284
6740
4004
9594
549
610
7759
4813
9812
9610
4329
7191
3705
6492
8846
6849
4886
7795
1588
1025
4194
514
5383
9059
8405
4012
3967
8136
3113
2300
4166
1655
5128
3691
9988
4902
2022
3821
6946
7500
1608
5224
9230
227
5641
5489
5151
9810
9079
5166
1550
9353
800
4274
1705
6698
7309
2980
4544
113
2050
1364
5154
4897
2892
9565
7204
8574
8436
1558
6796
8788
4737
7908
7471
4473
8677
4633
9604
1844
6049
8525
482
635
4101
2116
8921
3269
3966
2956
1495
3174
7866
5073
825
2930
2596
5585
268
1236
9144
6729
9992
2557
2012
9537
9226
2836
4303
9910
508
205
5314
4333
4262
8791
1817
5087
9653
6664
4470
8601
5301
5614
6870
2835
6646
6080
9047
608
6904
1795
8077
2088
8320
9694
433
9663
986
2968
2551
8444
8667
3805
3767
5181
1583
2479
2259
1390
7256
6398
2667
960
1293
9597
8410
3842
6184
3608
6767
9958
6231
4806
5555
2646
4319
4391
153
2875
2274
5279
4154
9024
4424
9535
9099
5690
5542
7359
7113
9140
1440
2182
9813
3370
4140
3610
2649
2483
7103
159
8414
1624
6248
7453
2941
3752
8347
6569
2426
8418
5947
7019
573
5297
4743
5362
1011
7091
3366
3373
4501
780
5740
7400
8176
2082
3264
7880
790
4687
5492
6598
2794
2797
8313
7906
7120
2094
8779
9157
4087
8439
4476
5788
4922
8026
776
463
3172
5810
3215
1478
7482
9073
869
8617
8157
6369
7873
6775
1707
6478
24
9598
3270
9080
3025
6733
8621
7995
803
9440
7462
9026
5002
9765
2695
4716
6134
1515
9624
4344
5097
6427
9638
7018
388
621
2787
6213
5685
6732
7997
8144
4755
1696
7438
4545
4551
6791
5219
675
8042
1610
1843
3615
8392
3673
3156
641
192
6853
5680
7369
3170
3632
2061
1801
6344
1781
5117
2708
9464
882
7940
3020
8695
6969
7553
9878
5752
1596
5407
9380
6773
2228
9114
3057
5044
6539
1144
2464
5950
2153
9634
5637
8200
6551
3438
5333
2146
961
3951
5732
136
1945
3222
1780
8126
7491
7417
2036
6654
2420
9571
8723
72
6168
8417
5730
2287
6817
3385
3058
8769
8522
6992
6439
195
6262
3261
8419
4839
8276
2921
3099
3316
9363
4337
8459
4735
8629
779
3443
4714
5484
9165
3825
2543
6202
1663
8914
6750
8887
4453
3258
1133
1052
5773
4000
4731
7494
3734
5802
6973
2852
8956
7271
7552
7731
405
9840
139
1724
4710
7097
9435
5875
8636
6613
6170
4212
8862
6105
3203
7512
3312
9587
9217
3285
9708
8911
8511
6312
4869
8463
8931
4111
9046
4313
5515
9327
2512
8676
3957
8124
6094
881
9268
9632
2760
3989
876
9864
39
4418
817
6242
4457
3840
6198
784
4566
7412
9705
3283
4548
590
8079
4636
1092
7802
2403
5751
2323
2018
7586
9066
4072
6764
5527
8422
8071
1058
3743
6513
6314
7891
9391
6389
8379
5984
7594
5257
1785
5038
9781
5188
9531
3400
3534
446
8460
2547
639
8429
6743
6477
1875
8686
6745
6238
380
4023
4455
9472
2883
9757
2329
7280
9033
6983
338
8891
342
2979
5867
9430
6843
886
5749
9950
9466
2963
219
6352
3036
8949
9150
7026
8029
8945
4061
2289
5577
2790
7496
3358
3959
7852
6845
526
1532
8586
2818
7314
9394
9494
5663
3964
7306
7028
8947
7061
2680
3946
1389
9741
2605
975
1397
8918
3577
4053
3389
2391
555
9931
1548
2998
6118
2202
1848
1633
5721
9555
9655
1362
97
4982
5658
5761
8549
6297
6715
5588
2570
4239
9550
135
9667
9240
3462
5340
6104
3272
3517
5057
2415
4308
3801
4825
5428
9146
8224
1834
85
1242
7441
8821
8594
4840
3839
4343
8978
4887
1878
2652
1965
4293
4214
3551
8090
438
8899
7681
674
1857
936
868
7363
736
8025
2996
2693
846
646
5267
7048
1264
7178
714
3437
9421
1922
2173
5384
4853
5964
7619
6534
3151
6580
1139
7920
5225
6270
6979
6861
8882
120
9020
1118
3647
7165
2286
912
760
8184
4244
1253
7405
2715
1398
1491
9844
4151
9707
2725
9693
7874
1952
3407
5194
2560
3040
2052
6364
2344
1205
8972
454
4247
2239
5819
6895
6402
3555
5580
5126
5369
9037
4868
921
8061
4412
8960
7353
9049
8692
6894
6710
9701
5060
2425
7244
7605
131
3793
2811
6058
2528
1101
550
9852
8154
68
7190
4002
7884
933
284
911
2982
3279
8466
5907
7845
9507
1882
7622
2045
3154
1431
4036
1074
8599
4862
5533
6370
3861
4827
7501
6295
8980
1502
8826
8205
1225
1514
9679
7409
4326
1665
7886
4965
8084
2928
1373
7807
4999
7604
3847
420
2333
5422
5377
6612
5973
8451
964
8865
6472
6614
3055
9416
8631
820
2785
7105
3188
3633
6777
7151
3453
1296
1376
2435
321
4979
7785
1794
6137
3067
5874
700
8274
6100
6163
3512
2742
6987
4819
8351
5465
7232
8699
2864
9460
5039
4997
1270
8315
7489
6293
8076
1630
6837
5502
9718
9278
1230
1670
4913
7532
5164
6106
988
7420
2707
7937
4084
4855
3503
553
7157
3606
6396
877
9429
9959
8611
7576
112
8086
1881
7856
9805
2318
3480
6758
8472
4285
8563
9951
1437
4573
1077
3742
7860
2230
6111
2881
353
2240
4954
5994
2901
80
1455
5010
620
3698
8234
1927
3677
5133
8777
6591
866
9581
7679
7624
8674
4108
5626
6192
7564
2245
5891
764
5571
2079
9479
7825
875
2842
1815
4183
5716
977
4103
3761
1374
5373
1241
9963
7319
9388
2644
2465
8818
6738
6133
871
9681
9562
7112
9283
8202
7857
2637
7960
346
9925
8011
6189
1990
1003
3444
6834
1196
5844
7010
4079
4741
1971
2134
9966
1415
6649
8333
6089
3039
9462
6751
2298
6703
4542
6617
9943
8880
2304
3380
9354
277
1191
6561
3778
7895
5988
8212
3527
6596
4683
3471
5900
7964
8647
3982
9431
568
4536
4492
1301
2556
9392
7461
4797
3091
3456
4540
7661
8035
8050
6371
6489
2651
1847
718
5684
8855
786
4085
2046
3146
712
3209
8322
3948
8786
5741
7351
2136
8634
7168
6316
3097
2897
8986
2282
8561
6632
7099
1366
6117
7929
8298
576
450
4700
7346
2710
111
1331
9338
4086
9264
630
9137
3212
3550
7889
9329
4189
2316
9294
5413
720
9730
4595
5280
3372
9004
5290
6035
5433
3934
2001
387
7655
4475
7367
6469
2735
2905
4378
4818
1892
1120
7126
4386
5405
1932
8268
1989
8148
6050
260
3102
5080
9277
3727
7365
5370
5103
9373
8045
9576
8491
6995
1690
1094
8554
7111
4169
8909
8529
3733
2404
1604
3629
9126
3627
651
1564
9448
6789
3803
591
585
3886
3498
3386
6457
5149
8220
3149
1169
747
6972
2699
4930
5744
938
8446
9364
9340
8062
250
9529
9105
322
366
8317
6033
7944
5041
4899
9017
6454
5408
1601
3958
9960
4933
3620
7932
2475
4089
349
5661
9269
9526
2948
245
4133
8394
8690
3054
2826
802
8000
2803
1835
8590
2072
3681
8475
335
9457
6980
8485
5720
5183
5437
1597
6630
6232
2655
6763
4796
765
4971
9011
1555
6718
8546
76
9341
403
407
7186
69
5967
1759
9703
8325
3211
9461
6424
6594
3220
1307
8709
7034
6920
3616
910
5372
100
5106
2459
2256
6226
5713
5468
7829
3037
1062
5800
2093
9625
2122
8371
5836
4383
2196
5547
9095
1698
7268
266
5317
9159
118
2431
4330
8105
4836
197
769
7751
6038
5693
756
2063
1234
4826
3991
8787
1312
956
9536
5717
263
6708
4126
5202
9188
4969
7694
4788
1925
3298
8085
9651
6503
4791
8851
5439
1325
371
1474
4794
2507
8688
3066
6643
2549
895
724
150
3640
9735
9203
6862
7546
7658
1451
9764
3759
1917
8280
4491
2410
9763
1186
8817
6164
9131
1937
5915
8352
6659
8859
7123
6670
5535
2802
4640
5338
2494
5704
3508
1258
3343
7765
8923
6211
4786
2152
4217
2786
4560
1018
7725
4533
1382
8003
4660
6962
7980
7276
8497
9916
4058
9063
4905
5315
8149
82
448
2452
2749
4769
1218
3622
3762
9578
5505
2828
7427
3104
1961
4998
3654
4300
8727
644
2723
5703
4450
6009
2095
3930
5451
3165
4288
2192
6761
9179
228
1955
9485
4069
2487
8121
374
1513
8151
4022
9727
1563
7919
782
3510
8312
7483
1574
4292
8816
9768
8236
2665
3425
2345
8990
2919
1813
6329
5634
581
1702
4135
383
9143
4561
146
5198
5734
8396
8445
1424
2002
8229
8685
6228
8353
2138
5806
5031
8567
9127
5977
4703
8968
4160
2678
6902
9872
1248
3908
9622
3038
9545
4268
1889
3899
7566
4689
4909
8303
7976
3496
4348
6244
4577
4112
9220
7375
8746
5100
8357
7436
4286
1973
8730
5294
1906
7465
9410
4437
9077
9682
4059
5857
9204
9181
2553
7733
5004
9331
1006
8260
8603
3818
8514
4513
2635
8819
4057
735
3123
9245
4396
6844
243
2670
6584
6581
142
1349
1518
9564
2546
2432
3713
127
5281
8172
1488
9271
5352
8104
9613
9528
4785
4892
4761
6661
4359
1676
3675
9471
2995
9255
1511
5708
7032
5780
2615
9117
9488
6390
8754
3398
8476
529
2402
4432
2099
4779
7653
9734
7670
8293
6419
1606
1007
8492
9389
3841
2395
2581
3166
6913
841
5670
5404
4499
6006
3262
6357
444
3545
3145
4762
1005
3857
5974
7487
5924
578
7508
8480
7389
7948
9236
5840
5076
9108
2249
5234
1664
5030
61
1592
4559
6245
5943
218
9984
6421
3219
5678
6335
9828
8161
6923
9091
7745
5197
9198
5929
7218
5367
7696
5863
8985
9048
2234
2774
4484
9659
4728
3557
3173
8741
1429
5325
6143
5920
8537
3263
719
1557
3000
8376
5681
5523
6804
7349
3375
9113
9627
4073
4047
5649
7806
468
1968
7187
5789
6282
4596
3547
9358
5785
2719
1217
1484
4152
9029
3977
9205
1391
1833
2951
2398
2888
9288
2795
8751
4370
5124
1085
3746
7238
3256
6901
4017
3327
6908
1752
2589
9894
6619
3828
5796
7736
2587
8080
8824
3585
7559
70
2990
2763
1998
6846
4273
9027
6935
5459
3112
4490
8506
7463
9607
1199
8373
7118
8573
9474
6448
4921
3652
7977
9342
337
410
9683
5803
6543
1306
3700
8473
7625
3776
6905
1290
4611
1457
5644
8272
4799
6490
487
9887
9445
5134
5147
89
7053
4697
7506
4522
5729
8583
4521
5774
8456
8266
4530
7296
9875
1072
8051
3975
3516
4376
9196
5265
1408
6158
5912
1128
2283
9398
4705
6411
8033
2220
5357
3240
7096
721
3130
7388
3473
1109
2164
7592
1674
3345
3152
7703
7563
5627
5691
9520
9061
2854
6624
8841
4306
6615
5263
9895
6860
5488
4602
1977
2387
3751
6135
3157
4034
3485
6786
7781
8438
9971
5766
2048
9309
8296
7700
4294
3286
5406
6027
134
4265
7631
1089
4748
7543
4959
5309
1344
488
4257
7635
9481
8833
6824
7597
7531
7846
7550
9568
7723
8246
4448
8892
8302
5853
5931
8520
6692
3690
2428
807
7965
4039
7803
6658
5925
9123
3795
7885
81
1766
2463
2242
9333
4967
8384
2140
5169
6724
1107
9585
4136
2747
9098
6323
1056
8600
5085
1911
2159
417
3413
2506
1924
3575
2829
9153
3189
4230
6800
7325
7497
2375
1654
7930
7368
9
495
7149
2359
5088
5442
2626
6921
8984
7378
7897
8844
8916
8903
4970
1210
1593
3894
1954
947
8516
8998
8729
8680
3430
9251
2150
3639
7418
6481
949
168
8122
6333
8300
3472
5767
2020
6720
4823
3843
2789
6443
8241
5808
6693
3920
1407
3916
2216
7986
1786
5961
4342
589
428
5208
1410
8767
6036
8864
4628
37
7051
7666
4174
2319
3132
2064
1851
1991
8127
3383
1660
8447
5854
3469
2538
3277
4586
657
6460
5055
6705
7587
4690
3592
320
2739
1787
498
3079
6047
3143
242
539
3637
5550
6181
3582
18
9042
604
6672
9324
1951
5146
2215
1537
297
8663
2885
2457
8398
7421
9889
8785
931
2737
948
680
6641
2203
1154
1406
507
10
5687
1456
810
783
6722
1192
5096
9390
3238
5482
9751
5024
3092
5784
6161
6304
7443
7855
5991
9747
809
6793
1526
2119
7575
8512
1646
7614
698
8697
1540
9499
8848
2647
6890
592
3849
943
9446
3367
4619
4792
1104
8581
6445
7981
7907
1446
7921
8170
5462
6045
7544
9164
6805
5207
793
5792
2568
216
2070
7677
1175
6086
6277
8279
8273
2822
2584
2958
3053
4666
7291
5651
3583
6616
8386
3944
8346
4772
3998
8876
5174
8365
4374
2895
1820
2172
9648
6205
541
3501
140
9313
7545
5518
9290
2141
8784
3506
8861
8823
8412
4593
8679
5378
7861
5470
3478
3449
1203
4594
4452
8870
496
9891
5861
819
8856
3604
527
3388
9385
9660
787
6525
390
1611
2679
6662
5864
4523
9706
173
4707
3337
9053
9990
8326
306
8484
1547
3774
1773
7333
5791
90
6880
3788
2235
4678
9193
1434
9511
1443
7172
9997
6296
3898
6523
6048
796
6002
7837
5249
3167
5345
6571
2075
2288
512
4486
1721
2243
3814
3799
7478
7875
1409
832
3181
1438
6479
9110
3754
5432
4627
4272
845
225
4872
1335
4008
4906
4801
6437
2233
1063
6996
1220
9969
5291
2972
5162
5005
8893
849
3155
731
6289
7616
3199
2954
5635
3990
9976
3628
373
1112
4465
8598
2117
4442
4141
980
9709
6330
3158
1751
5136
2691
7864
7229
643
823
6889
7253
6406
6776
6407
9013
7596
3348
5239
4280
3646
4601
311
8622
5975
5952
6150
4252
400
660
156
251
5226
9519
9923
2251
5473
7452
3567
6997
6221
6578
973
8292
4040
2523
2851
5105
5152
531
1895
5248
3722
2350
5884
4037
8435
677
8455
8534
6832
7711
5494
3935
799
1958
5478
9425
744
1162
2434
3822
8318
8684
8186
3274
3871
3018
9804
3363
2043
3988
9173
5139
6797
9936
1299
9282
4297
2621
2814
4721
1174
1534
4712
8513
2219
63
7780
8644
1105
6388
2115
7381
5739
1571
8706
479
2823
4331
122
1249
204
367
6841
2188
659
7391
7390
8153
194
7054
7166
6881
1243
6015
7938
3177
7863
827
1494
5192
3243
8813
1865
4263
1281
6873
6464
6683
4865
6941
1651
1737
2060
4367
4352
7898
3664
7242
9096
8448
6830
4993
4148
2340
9876
5930
7239
42
332
3073
2183
9901
9441
9175
7005
8883
4445
3923
4582
7776
8015
1746
9871
7127
1283
2413
3950
8627
5020
5918
5059
5443
9654
9273
4494
9824
6110
2966
6401
5331
1733
2657
3202
6463
7348
3775
4385
9163
9141
4680
9138
7251
27
3760
8316
6140
4882
679
1840
9752
41
5541
1623
9455
6215
2306
5232
1725
3802
7399
1208
7049
7259
650
2753
3518
4144
3660
1334
9451
9442
8146
3397
3008
3912
9947
3361
7518
2764
5815
7360
4795
2034
7623
4912
7926
5607
6090
1309
5825
1098
8372
1319
4390
8452
1260
5426
9989
8329
6299
4802
4656
7407
2120
3300
5986
4222
3804
1059
3915
9946
8987
3476
123
9593
5402
7881
9486
7936
1273
7277
1587
3904
7676
7466
8981
2986
9206
5332
7392
20
6417
4403
43
6404
3613
7312
1179
3509
5758
8658
6713
7503
6527
7336
564
6239
2480
6938
8143
7893
2201
3441
7975
4275
3128
5046
2267
2010
580
5271
7877
1311
5956
3972
3556
5217
7728
4025
157
2863
5582
1891
3467
517
861
5883
4281
757
9639
2704
329
7171
193
9829
4539
9552
7124
1195
2722
3492
3198
7574
4410
794
6528
2174
8494
9274
4459
9322
9827
8364
6788
1879
2062
1953
6147
9505
3538
2168
5043
2780
1699
5216
7071
6418
7297
1252
4119
489
1439
5512
1734
4211
7716
8238
6288
4849
5700
6392
179
3744
3711
1988
163
1069
842
9443
9369
5894
6606
1160
3192
1009
424
3313
425
1769
9746
3196
1997
8794
6919
2534
9630
51
2690
3500
4411
667
5430
1744
645
5795
3460
6748
7046
8943
688
4609
5832
1856
158
3868
8613
6600
8449
7840
5319
7358
6567
3826
2302
5682
8941
4218
9249
1643
3115
3321
1340
9851
4104
8597
1103
8265
8041
6317
7993
8950
4830
2933
1035
4495
8424
9199
9769
3105
6149
7941
6871
8913
4844
4062
2212
9558
9776
5122
4371
5597
2364
9058
1966
2363
5654
9151
9242
3969
7693
1087
8350
3329
1
7799
8973
271
2261
5537
6359
5253
4223
1247
3602
6144
1395
4121
5070
5220
5982
1628
6178
992
4422
1930
8310
1123
6151
330
2992
3658
7790
8750
7609
8765
2783
3409
9185
2610
3015
6954
9208
9615
4018
6171
7156
5848
4526
2793
2090
4413
208
8434
2792
7737
4924
7279
2277
1013
2745
6857
8108
4608
4638
7057
7809
751
1791
1740
5936
3800
5452
5923
3569
7664
1993
7039
9979
6838
1462
2486
4814
2974
8837
4110
9289
4029
3721
3336
8896
7148
1032
6961
2585
5667
8139
7812
3221
3525
9525
9767
5375
689
2809
9258
8299
6950
6545
164
788
4756
5355
7865
3907
8527
5996
6298
6663
500
1464
5306
8287
2039
7403
8905
3521
4266
343
8716
5138
1266
1150
4264
1082
4873
1659
2354
9378
2038
7665
6145
8757
1644
4505
8399
4195
6377
5012
7133
5559
5032
2399
7444
3511
7843
1542
6550
2372
6601
8005
9201
4739
7072
426
6760
2750
4753
9860
4525
7817
8112
2098
2632
1313
6280
6869
4125
6856
2500
4005
3888
924
5160
207
2331
1030
5676
572
3725
5892
4259
8705
5862
2423
699
865
8975
8610
1346
4360
8731
603
637
9207
456
4345
2540
9908
7117
4977
7892
4750
9826
9608
2844
376
3017
4364
945
8639
3925
7814
9770
9383
6903
8380
303
310
2107
3819
4123
3601
9366
9121
8557
1272
3661
5094
1814
1695
2607
4774
885
9900
1337
8218
2583
4382
3834
105
741
9453
1212
9504
2437
1809
2984
6685
6912
6909
339
8689
5395
2858
6311
1709
3563
4182
3561
3435
3487
7706
9609
6511
7697
5456
224
4325
3829
873
8760
1017
8995
6125
3247
1274
4443
3513
5231
5990
8719
5957
3450
4289
5104
7698
6391
5053
4236
9698
6559
2688
4674
2469
4568
8711
3598
3254
1942
5606
1666
4623
9093
3417
3334
5769
2497
3319
3941
1024
9010
7189
2222
4744
1370
1315
6249
494
4227
3111
4444
3731
8155
9880
8630
2419
2429
605
9016
3224
6918
2176
6887
2458
4253
6770
929
8509
2450
9356
4129
9241
9190
2309
4624
8875
1832
831
8555
1143
9792
4139
2353
3729
9139
2385
5724
2964
1768
5934
2440
5976
914
2293
275
8332
3872
2000
1136
8936
6825
4764
2257
6276
5538
7203
2940
2709
5167
1492
3330
6348
5214
4632
453
2899
1045
3504
6863
8879
1211
7016
7335
7779
1228
6148
2765
9374
9643
1594
6408
8442
8416
2676
2639
7876
6157
1375
5887
5845
3971
3955
8374
1598
7687
124
1287
761
7435
557
4305
7095
8420
1582
1576
3275
3442
5434
2736
5959
8673
6284
2208
5944
6062
2663
2505
4877
1405
8792
7424
8587
2508
4702
5543
2112
3175
5140
5638
6334
7213
2770
231
4553
7958
2922
4202
9722
9662
1595
6300
9697
888
4854
551
2877
7982
5412
6019
3296
1918
4471
6656
2445
4717
1079
5295
7797
3634
6400
9214
1116
8087
3223
6637
6325
3276
9210
5115
7950
7510
6366
1828
9666
3440
3672
137
7764
8942
7324
7202
7201
9699
5285
1419
7329
7206
33
9287
9783
2748
267
186
7811
9913
9977
6542
6286
9922
4408
3404
9749
1021
9602
4439
1245
1849
88
7868
981
7020
8255
4145
9560
6107
9463
8243
9343
3686
2768
1358
3693
9759
1782
3026
4692
5748
4179
8940
5910
5148
6876
1551
8039
9669
1498
5187
4975
8219
7607
8163
9778
5099
8137
8496
2950
8052
4446
1928
523
7115
4291
3433
1216
7448
2599
2194
4572
7808
5418
6529
3318
6041
2582
6652
2057
3135
2252
740
4451
9848
3412
6345
6415
8171
1685
3250
1522
5886
5447
583
7541
3465
4312
9942
3831
8197
8596
2005
9436
1223
8660
1838
7283
9941
6570
5871
406
6587
2103
4354
1190
91
2124
4654
9109
3650
1691
4663
6787
3082
7185
5193
2291
7042
8696
8507
4635
953
259
9933
7909
6645
2910
7922
2217
9811
5873
8091
5028
2628
5142
6978
7284
5639
8538
5075
9031
4440
6744
3109
1841
1617
4556
1806
183
5250
1986
5968
430
4585
9577
5114
256
7581
2559
8199
5409
5410
525
4652
9444
5455
7727
5040
3062
3943
4987
3357
5448
6726
466
4224
2744
8500
4181
3265
985
9130
4225
7387
6216
8615
2133
7854
7340
1887
9229
4185
7408
8064
4338
6585
2504
9761
1722
5328
9890
6318
2962
9339
5153
4249
9008
9533
1329
600
535
5252
1873
2294
2149
1298
9323
8694
6218
8993
2014
8853
1489
5260
9344
3213
9935
7081
8822
3009
7467
7685
8482
5019
15
7321
1333
7691
155
8044
2514
2636
5560
2213
6496
9052
2476
1383
45
4659
1904
5747
5029
8020
3523
9948
7470
2756
5254
2800
1227
4610
1275
6307
8768
4240
6076
308
748
4389
3808
3514
767
6546
9362
6808
3282
9480
7288
4837
2654
629
5945
8356
9898
5551
4128
6436
1393
1004
2447
4506
8734
9285
5458
5180
4557
3103
53
4961
5098
3648
4803
3910
2726
5215
2417
9170
5007
5011
7641
203
609
370
7088
6382
6432
2757
8283
9702
5244
3041
3074
4644
340
4226
8092
5330
7615
4599
9238
4845
2081
8576
5718
6723
2071
627
6004
5270
2396
4153
2067
686
9796
1194
30
3301
668
8304
1523
7320
399
3996
106
6839
5095
5569
6898
7660
1449
7499
3086
2936
6055
2819
5524
5958
290
4617
6907
7286
4807
3007
7634
8019
5584
2696
7169
3905
9838
9514
8073
4388
9909
7179
5398
8803
7492
3048
5016
9412
355
1261
5047
6384
3618
6313
2519
8565
5531
1867
1304
8314
9855
431
6648
1678
619
5185
6309
6739
3659
8749
4718
7338
1743
1140
1819
4318
316
3883
5881
3489
1864
4296
188
4650
3617
546
4864
1106
6176
6338
6736
3445
6666
858
8589
6884
7142
3084
7774
7110
9243
5519
7707
4920
2151
4881
8311
584
3880
4932
6275
4956
4221
7629
4973
4197
8450
5302
9028
6243
1745
7847
7024
4320
9228
8721
4287
4894
6504
4341
6225
8427
3642
6701
3068
8847
1416
5476
749
2806
7199
2080
2130
6044
1303
6933
5965
1972
8443
5989
8620
6964
7680
9025
916
7959
3669
634
3259
9978
6451
358
9687
6010
7108
2349
55
9154
7577
5048
6768
7160
6188
497
4038
215
5123
4120
7904
928
2128
409
2197
7914
6674
5898
915
8849
7130
3252
6553
9557
3314
5906
4404
8863
8967
7364
6060
5932
1609
2821
745
6536
1949
8888
2008
7170
4381
6209
8002
3817
7561
6354
350
3085
1204
7416
99
79
574
1469
3624
1371
3797
6965
3717
8338
5493
8881
976
9423
8979
833
4081
3980
1976
9145
6302
6328
116
6052
6240
286
6195
4841
4242
5532
7414
5941
4863
2255
4749
3394
532
4175
2204
1774
6016
9753
6201
2185
6809
3716
1412
1602
1893
7872
110
220
6892
1026
5074
9740
676
6589
7207
8810
4978
9672
196
922
1161
3954
9124
1280
1465
2689
6989
9231
6818
6473
3546
369
5904
2716
2280
8081
7075
1855
5125
8415
3687
4517
7989
6944
3378
8047
3248
7927
8348
1042
6031
8277
5636
5262
4768
8531
4199
9253
1909
2779
5155
3591
4808
9985
8477
5209
6741
1658
8425
9748
691
9623
2421
5177
248
826
1353
2772
2186
1222
9800
5238
5534
3322
4074
2967
2019
1121
6730
8164
9629
5184
3299
427
1647
4740
3625
9045
1858
3186
5157
2776
9347
3012
913
1907
6500
3906
3921
3451
1896
9263
3543
3493
3266
2314
5392
7155
7583
5023
5168
1271
1642
9797
3360
9325
84
6034
2498
7236
1014
8413
3720
445
2211
7820
8897
3226
4928
3932
8735
1736
5939
3468
1229
9786
9561
9939
4009
1811
9414
4911
663
2730
4365
4890
7004
4462
6099
2474
2272
6694
7879
5630
4888
9345
6005
586
14
6520
4730
9337
9162
5695
9794
3005
6485
9260
9573
9330
7183
6840
7241
899
9665
4990
492
5616
2076
9216
7678
5750
4339
1946
5050
9497
705
7735
3643
5743
1650
9147
1637
6948
132
7963
3621
6802
2441
8344
5228
2668
2593
1088
198
3790
6169
7724
6625
2627
3586
1202
7398
6747
2720
9222
9250
1265
6342
4191
6719
5274
8740
904
5809
1320
9200
8996
7200
9968
9262
6769
9861
4171
2321
3023
8807
8069
4918
5679
3913
7957
2091
9068
3401
2358
4064
4604
5305
1970
5948
5801
7328
4631
8698
9089
2591
3245
3973
3522
3072
9002
6361
222
1706
1336
7556
4355
6073
78
7810
3570
2492
4511
7292
2278
4706
8619
6991
1124
8672
3278
7423
4323
6480
4733
5090
5277
6410
1385
8532
7411
6579
1368
2148
4477
2470
1022
8189
382
8433
3528
5768
3395
1715
6851
4447
12
2927
3365
5388
616
7278
8495
6028
2731
6306
432
1572
1185
1010
5261
8140
5805
3350
9914
3107
7431
4347
8369
2518
9043
6093
6177
7486
8308
4809
6695
1538
0
5671
5517
315
2640
7074
4900
1466
8551
3736
4479
9523
3645
2622
9316
74
1352
6945
7971
4752
3564
7636
8259
9743
5342
7801
1755
2566
7823
4567
9427
1859
775
7972
941
3178
3384
7659
314
6098
6056
9926
4052
449
2236
3626
5272
742
3070
2798
5919
6709
1070
6762
4842
9953
3251
5650
7769
3046
4579
6583
6183
5246
1244
1839
2659
2993
470
3739
9007
2221
8783
7490
2960
8646
7867
8453
6278
4923
6967
8780
3887
4775
2575
2843
1233
7755
2598
614
8703
7943
5804
6603
3309
6378
3837
8710
9072
3870
354
6707
632
2917
7226
3324
1897
9103
7628
3141
1996
1792
1964
920
6879
8653
4903
6867
6533
2409
4677
8499
1328
9404
6910
2511
9903
3253
1860
3162
692
8244
5086
9041
4482
5344
481
2165
5245
9468
9266
3371
4648
5868
836
9311
2564
7429
6386
36
8261
595
2362
7548
7109
7022
7475
1033
8117
5266
2778
746
6636
2673
9149
436
4094
6949
909
108
897
2335
8910
8708
125
9559
5674
2520
4436
9641
3125
7233
4245
8008
1342
3153
393
4070
4204
9590
3714
6387
2841
2648
2009
8216
7515
1729
8100
1167
4400
8282
5926
3526
8857
7145
7859
2595
6509
4658
6826
4220
7942
3554
4251
4118
3439
2741
9600
978
2846
3307
5666
8825
5993
723
5513
6597
4942
4968
147
4729
7342
7430
5914
1146
5546
8528
4122
851
7757
5755
6970
6265
7014
8083
9664
7720
8196
2055
6484
2284
1259
9308
5078
2438
3121
3854
9620
4176
9938
8624
8428
3578
1975
7009
3927
5831
8235
486
5754
2834
8341
336
1016
8258
8467
2906
5618
3689
9454
2777
214
743
811
7913
558
437
4734
7572
7579
9905
2989
4929
8971
3662
9420
7699
5037
2225
7832
7766
5783
2872
1824
2205
5814
8264
7555
9601
4691
4867
7850
8093
2539
3709
2471
3197
4669
1420
1110
302
8004
411
7637
5878
6109
633
6008
905
1854
6864
9069
4524
1669
2290
4010
469
6362
2563
2624
7547
5218
8058
5841
4871
5441
119
187
8776
8162
1521
9490
7800
8898
1919
3524
9556
7428
7704
9652
4668
6803
7554
1091
5251
4529
3470
9671
7401
5034
5798
4719
6798
4213
4049
8812
1862
9603
1197
611
3043
9637
117
5292
4816
4201
6859
859
5479
2781
206
3936
8360
6393
3833
1454
870
7326
4926
2184
4158
5612
6037
1141
9296
1356
9993
6455
6749
4066
8948
2698
7520
501
4682
5036
5865
1672
7065
7763
1579
716
4992
1545
5995
8290
1808
172
8961
6303
9689
8487
126
890
6746
8271
5603
3929
6166
908
4820
5242
9575
1798
5692
8103
8606
1599
7303
3379
7650
4884
5093
2085
3519
9495
8666
4485
9357
4419
3719
5497
7590
567
2154
2641
4763
5145
107
8894
6852
2026
1425
6781
7673
1915
472
4558
6200
7688
1603
1504
9719
7102
1486
5390
8204
5987
3858
2682
2163
6374
9642
7144
2594
2342
8564
2820
6671
959
596
6823
59
7080
6675
6937
8900
8797
3853
2946
4304
8907
8359
7528
6219
9237
423
2808
9733
3234
4520
3161
7955
1934
7287
9310
3644
5071
5710
7768
9493
3341
4284
9112
1193
3391
618
8938
995
6210
3035
2144
8021
239
9223
9819
1788
7649
2878
4915
2810
1668
9336
8368
464
1898
3030
8116
8652
3566
4328
902
6934
4184
6414
2970
9658
6506
2867
1472
252
3183
7627
141
5061
6704
2248
1246
31
1701
1920
6433
7537
9815
4165
6644
476
6040
3420
7657
727
8550
9574
554
8167
9912
8701
5997
2732
7793
5879
9835
4116
4056
4467
6380
563
8707
3114
2805
7209
4177
9599
2023
8049
8331
5882
9298
4822
499
4512
4456
2247
2825
6456
2681
1967
844
4962
4481
4219
3874
8745
9591
5499
6220
860
3346
6974
4766
6083
6610
1544
968
8932
4417
4851
6638
95
4502
617
2662
5561
4681
8046
9070
9644
5938
1803
299
2724
4013
2108
6866
3945
9882
8479
3426
1322
5903
3552
6994
4157
7613
3306
2262
7290
4667
3657
9814
5699
8166
8977
8110
9512
3560
4149
5135
6257
1682
6116
478
4641
8406
1458
1295
4021
2830
8748
6375
7086
8486
377
2914
7304
9674
7100
6165
880
8022
2727
5303
7901
1015
717
9489
6998
5562
8328
8926
3457
9833
1321
7606
2550
4114
4574
8724
5504
9065
361
94
2397
2106
1254
9129
4811
1108
2207
4664
2135
7445
1155
2348
5686
3140
7264
4020
1463
5264
4543
7557
7122
7394
5827
4232
6990
785
4372
3267
261
5787
2590
791
7419
7571
8023
7454
6308
8702
2955
4901
1076
3016
8755
5575
3962
6812
9721
3953
3770
7285
7159
7396
7521
9183
1448
3200
3668
1134
4433
1804
4534
7449
7212
6757
6102
8169
3708
96
8158
1607
8028
6261
1870
1285
8759
2380
1519
5300
8421
3824
5622
9172
9161
1738
7667
3865
9128
9713
7517
2869
6271
2535
384
2859
4379
5759
5969
3482
9673
6172
5908
7379
1176
1086
8744
2442
8733
2889
9972
7668
5656
6697
6429
1040
2250
5003
235
812
3049
7134
4150
8530
2893
3063
8502
7063
5675
7087
587
5222
839
8066
8337
5983
7341
9986
6495
4891
8657
9816
9180
2903
7813
9202
6103
4606
562
9399
7040
9780
666
1822
6167
7327
3201
3813
2545
5210
5288
8618
7928
8895
7147
4350
7404
2931
990
2156
3674
3715
7234
47
2509
2198
1810
8939
3779
1053
1614
3987
6447
4015
1756
9618
7903
6930
5144
4904
4310
7984
9182
5581
5475
8839
3096
8038
6442
9265
6223
649
4777
872
774
6070
5567
4776
4256
893
3159
7257
7294
797
3947
6562
9924
1634
62
8770
4817
4621
9040
655
1289
5617
5387
8775
9849
8288
9122
3666
4618
2484
9438
3949
1662
1883
4434
2502
7542
1719
1044
6829
341
5108
1235
8828
1723
8954
2947
6988
9212
8254
6752
5435
3411
1842
7050
6784
8131
6563
2265
5237
7752
8614
2562
5722
1980
3447
6917
3866
9885
2935
177
9695
598
8571
7689
7656
9902
9646
1767
103
8901
5544
3553
408
8523
4100
9970
8227
8378
1667
3876
5189
6119
6368
2489
8964
7925
1784
7804
6379
3961
4647
3127
7612
7701
3588
906
2751
9850
8608
5764
6287
3448
7841
4335
1351
4726
2453
6512
372
7240
9547
1549
9470
8801
8834
2347
6141
4587
4686
903
9409
1793
9991
4589
294
9276
2454
6976
3548
8391
5602
4613
8286
9738
318
9184
5190
5477
4581
1732
3926
8958
6059
1845
7952
1157
6968
22
8321
4428
7851
2195
9312
249
1530
3138
5449
4746
2548
3718
5655
2482
1348
6043
2791
540
6883
7949
1866
2664
2488
3194
3431
7732
161
3811
8185
2123
6051
7011
6409
681
7043
9994
3452
217
5063
3680
93
9376
569
6349
8024
7128
167
9377
1168
2493
1692
3089
5329
9983
1302
3287
7915
4031
3280
2554
5079
1145
9532
2303
8160
5897
8389
1297
9771
4846
6258
2932
292
9232
1750
1028
5917
6081
9160
9760
5736
6669
2068
5289
8712
8643
7754
518
1023
2478
2827
7743
3780
2656
2620
9842
7647
7334
3596
2552
8553
7934
8187
5529
7243
5642
9857
6022
678
7525
4780
9280
8339
5379
7161
4102
1308
8541
653
2953
8873
5027
3427
2684
2161
1539
984
565
3535
6222
2343
5762
4229
9447
8991
7370
413
3271
8088
1640
4363
3126
9349
9299
2360
4708
4790
221
58
9270
7350
4243
7970
7442
1050
5107
1355
1825
7193
8239
7373
7037
7295
9120
3169
7760
3100
520
1869
4233
9302
5120
2444
2862
5877
6227
1638
9754
3798
1288
5657
7347
9750
2073
6932
6021
1067
3587
3875
7273
6721
8125
6647
6706
3807
7987
5579
212
3422
5794
1100
2687
9846
9715
1360
7601
2645
8944
6696
8381
5022
485
9725
170
1711
7265
1708
4679
4874
6886
8377
7003
2328
4985
4789
6847
6560
6077
4503
8625
6267
5033
8335
5283
6717
7410
7516
1816
5311
4375
160
706
2987
4302
9498
9580
3497
2929
7307
4948
2460
8604
7272
6030
5364
9422
3993
3584
5273
8018
3242
7250
3117
2042
8159
7029
5610
9001
3486
2913
7992
2051
1775
1354
4550
1553
4957
3740
347
2567
9225
6053
7570
1688
4738
3305
6526
7275
3402
5461
4727
8054
5954
5067
9570
5327
6801
2433
7440
4028
3771
6622
1163
1959
6519
6963
6828
3027
7640
3232
1200
8082
473
4603
3581
1714
3846
6555
626
2633
7522
5083
7648
6420
6185
7308
3918
5697
5112
5593
8040
3562
5358
7686
4984
1226
1468
4014
4130
4205
213
5163
7979
29
1435
6154
1350
6759
9724
9317
4115
5522
3939
4629
2325
594
5999
9928
2
4976
3565
5895
4507
2439
8752
5564
9432
5268
673
3968
7835
1152
7573
4032
7293
5536
3150
874
3281
1251
1470
9650
8912
6241
9115
9195
6130
1148
4373
2137
1084
8867
6541
4290
3060
3594
1339
4709
1837
7966
8736
6822
9649
9874
5425
7717
5778
1051
3558
7468
1613
1552
9647
987
1874
6874
5940
1568
291
3974
2101
7773
3190
6544
7393
3682
1950
4134
5113
8089
6574
1361
5420
8034
4234
5026
1687
2044
9548
9712
8342
6032
5648
35
533
5042
67
2533
8233
8753
5872
9720
209
3344
3593
9158
5199
56
892
6714
3735
323
9102
385
9633
9075
5429
672
493
3755
6878
9987
1649
4237
7530
7337
1209
8072
1363
4732
6096
4399
7983
1846
883
1347
5960
5141
2916
5842
7824
1480
5899
2900
9406
6549
9696
7060
545
5733
8726
7718
3815
9187
856
5807
6435
5775
2279
5839
9022
1267
8602
8469
6522
5880
8319
9907
9174
6131
4588
4143
9588
5165
8119
73
4180
7362
9995
4098
1263
1055
1378
8037
4362
2276
8240
3901
763
5110
6487
3075
1908
2873
8363
6688
5001
375
1731
1868
8193
6931
3676
398
2782
289
4958
2129
6806
6507
2326
5127
1417
5353
1111
7719
2167
8774
6608
9019
9853
1693
997
3891
5381
8575
7176
1038
2485
1995
1314
4916
356
9085
4893
6079
4077
3653
6621
3992
1902
2612
9820
7008
5206
2047
3862
295
7644
1923
8013
6191
6394
6816
5258
588
1487
732
8548
1213
8504
3576
3707
8275
9677
5350
536
1778
4857
8294
9092
950
5438
2866
4639
5424
3777
9211
3136
4760
38
1324
4188
9944
3863
815
5318
6858
9292
9078
7085
6924
443
4661
9371
6925
4398
3180
6247
8850
4547
9500
6324
5397
7114
9785
3890
8714
1783
9239
917
7196
3376
9782
48
9996
3892
4742
3900
1476
9034
3120
3225
3295
8681
7514
3484
6891
4672
9452
1827
2013
7446
8739
9148
5137
4637
2658
534
2275
2860
4346
1590
5869
5182
9508
4510
8278
3014
1777
4299
6815
6128
2884
2600
6734
3083
2175
5158
6203
6444
9393
7911
3323
7383
8638
7079
5204
4518
8048
8426
2865
2126
201
2734
2613
6250
6428
8070
6558
475
8632
2422
9756
6197
5324
8974
9192
3515
1421
6018
974
7617
4315
4615
8671
9737
4170
9789
6639
9305
6590
2871
5487
6199
1403
3520
1929
806
7844
6381
3981
1985
6440
847
8585
7869
8206
6305
238
3095
9076
5981
344
166
4685
4946
8889
6322
5979
234
7177
6272
530
4591
2139
577
7560
8147
7214
919
1741
1170
762
4657
4725
6025
3769
8343
4394
4694
5092
5389
6193
7158
3293
9257
8820
8191
402
4131
7070
9572
4393
3878
3636
515
2408
1147
9884
1962
2466
4597
6017
9387
9478
4773
7073
2032
365
2510
5500
1890
804
5230
879
3985
638
701
1805
313
7055
5664
3701
6057
2412
6681
4996
4757
8173
8540
2016
1749
552
312
8267
9911
9318
5312
4065
331
2837
8411
3763
2961
5913
2436
282
5770
1422
3823
8096
1036
3455
7078
7991
9839
1508
3432
1779
6450
8060
7027
1078
3204
9469
6124
7883
695
818
5665
4414
1503
6482
5548
5781
1974
240
3429
7939
708
4745
8669
575
2086
4584
5659
6126
9974
7139
6346
6501
7870
2171
6014
9791
8830
8829
4435
5485
1387
8301
7434
5298
9742
2214
5109
3227
8933
528
7000
7221
9475
8835
8959
5765
4395
6341
189
6885
6807
1099
9315
669
8358
1560
3
5662
5008
2831
3772
7413
169
5195
661
3315
6416
2886
8854
640
1047
3765
1380
1201
5706
8771
2313
2733
1716
8188
5552
2985
3029
7578
269
4156
5797
4754
5436
2121
1880
7741
6521
114
3216
7918
2686
7150
1345
6253
87
3911
5356
4030
246
128
9930
9980
253
6376
570
8098
3730
4164
5421
8431
8145
625
7380
3530
9015
2305
7002
1570
2949
1863
2069
7485
278
7772
3997
3479
182
1529
4377
3419
5483
2105
9566
3917
8758
8737
5240
7923
6635
138
4311
9897
7311
6331
6367
9097
9306
4478
1430
3087
7313
7591
5611
1000
3061
843
9295
8809
5015
5247
4649
543
5419
9904
5566
5668
7047
2896
3970
4231
9224
994
9156
2065
838
8795
7282
3909
149
5558
1482
9605
5707
1445
2199
6356
32
3787
4107
5799
4751
3978
1631
7630
3792
5935
4925
2861
1372
2017
2114
3291
3076
2377
2868
4665
6254
5911
544
1963
3390
8539
4949
4051
2838
2574
4571
1635
3418
4092
8228
7621
2004
7219
1027
2957
728
1807
7608
733
8988
4856
7905
628
5821
4035
3965
1910
5829
2991
6922
300
671
4324
8717
9710
9125
5159
2227
5586
6175
7464
3810
2926
3290
6690
9032
4349
9831
1305
1432
6505
1129
4546
9883
3144
8327
7507
1621
9932
5066
9094
5287
5643
1689
232
8648
9918
3133
513
5025
4747
2263
4945
5058
3879
830
8764
2113
6082
887
1619
1517
9450
516
8471
2746
6468
6627
4340
1427
4046
