2197
1481
7068
1366
4626
1310
653
8256
3315
4690
6747
8291
2424
3369
3540
131
6183
3537
8281
8237
8472
7986
2184
8332
9495
2507
2136
4246
5218
5673
1254
9370
1880
2490
691
7698
8793
8525
9281
341
5859
5267
3676
8348
2834
8772
735
9577
2699
3228
4390
8419
4041
3896
143
4211
9296
8735
1871
2119
9173
6407
3037
7641
3435
7376
6411
9933
2678
5842
1337
7657
4255
7940
2378
3205
4310
3836
5498
722
1772
2559
1547
1990
1282
5329
7984
2347
6480
8402
58
6654
7162
1167
9452
2229
6034
4912
5457
2361
801
6898
6857
1891
6732
4164
6101
1517
6937
9900
5460
3236
1149
347
6614
4859
1046
6359
601
2047
8426
7585
6198
7439
1279
1003
7093
6772
2926
975
8276
8923
41
8360
970
5660
4689
99
4549
8670
9227
6466
5409
6579
2941
6821
5504
6814
4553
4592
1183
9675
4311
3409
3934
3216
700
9417
611
5729
7070
9328
8591
5962
1624
6537
3195
2788
9377
953
170
947
1809
1930
2819
1960
2176
9618
4498
4457
278
2219
8333
9792
8600
4611
6631
4426
7753
4959
5272
9487
8820
1600
9899
7875
9446
4954
6404
3626
