6467
2303
7926
4134
2790
5787
3308
5175
4413
4027
8641
4190
4819
4160
5042
4113
4871
3866
1167
5518
8853
7020
8547
9997
9204
9818
3773
9089
6444
3149
3188
7708
637
4116
6752
9835
9258
9976
7116
5412
4749
7615
3423
2406
2685
802
7148
3500
401
935
9706
35
6055
8515
161
9447
3756
7929
4930
2972
2013
4218
8730
1264
839
932
3552
703
7407
5206
4854
4894
6749
5755
768
1237
3597
6140
7311
8401
2670
273
8688
5509
3442
3152
1653
2121
3954
7305
6079
1328
5046
4144
3398
531
8884
2158
1567
1753
7250
6092
5194
6080
4812
3286
300
7747
8923
5850
617
6528
302
1740
5530
3220
7821
7686
9278
1431
6748
101
9127
3525
9847
2605
2356
237
2352
1438
4573
5558
1151
6225
4180
3493
9429
8630
9866
1353
4374
5031
1455
8463
710
8517
3842
1658
5000
5663
4337
3880
2474
5819
9696
5990
6067
2554
4964
680
7943
7510
6571
4411
3042
5059
5377
4076
7559
2037
3791
9190
7819
7925
7056
1717
8646
663
2815
1330
8762
698
5236
6688
7101
692
3084
5331
8189
7425
6874
3666
9185
3409
6863
8460
7043
5421
5651
3140
9765
4098
2962
1872
5146
6061
4548
7978
7344
5404
9739
3634
1918
7245
2273
9882
7310
2349
1974
45
7547
9369
4612
6916
5524
8633
4515
192
3257
1603
5242
7163
8997
6599
2274
4816
1954
4631
8535
6569
8549
845
2020
7135
32
7267
6164
4590
8577
9732
3071
3676
3094
2217
4728
8350
4955
9622
7427
8569
4721
5740
162
2575
5444
2920
645
9999
5065
5356
7718
3438
3476
8524
2591
9781
5491
1365
8351
5602
4679
1870
2170
3486
5095
6779
3923
9861
2332
7203
8503
8000
3828
5104
1858
4559
4588
4346
4591
3512
4376
5352
238
9617
6204
5759
5173
4130
1681
2967
42
3870
7991
348
6141
8774
6075
5204
3023
515
4935
5476
5169
3419
732
5221
903
7019
2832
1010
7494
6817
3248
5478
3559
5666
8164
4687
8202
1142
6822
5032
3786
1234
3867
5470
4239
8205
6743
8307
1352
4837
5302
4141
8050
2784
5026
9951
3226
9042
8848
1956
8874
6375
1173
5841
4870
2582
3108
7911
516
4820
9372
8113
443
1383
2185
6865
9751
6663
8813
6089
2495
2859
1980
7946
1336
5508
2881
3138
4735
4975
2099
7973
3076
4911
4858
2693
9628
5623
3635
604
7791
6531
5464
7188
3697
6667
599
8160
200
6563
228
2759
9460
6015
233
9193
7894
3533
7073
226
4773
5780
9845
7273
139
7366
6471
7326
4172
122
7293
3190
2453
1891
5068
9609
6515
757
7638
8841
2282
4977
4535
8412
5214
3616
8896
4624
1734
5836
5830
2010
6686
8191
7048
6331
195
3273
3988
77
9269
7038
305
7569
947
624
2677
7137
5894
8232
9795
1245
1432
5402
4924
3750
7575
2701
671
8388
1457
4641
9044
6060
3057
2923
8324
3708
1307
8645
9009
989
4458
9143
4832
4909
6046
7949
4000
822
4596
9941
316
5465
6035
765
5254
2789
2123
2580
2620
571
3316
1688
7811
2396
1261
1508
7889
7700
4353
3428
4586
9587
8934
8805
6786
2289
569
15
7703
9626
8700
9849
1515
4324
3578
25
2292
7669
5534
1585
8727
6025
8437
7673
2770
1331
2435
3647
4538
59
6299
6468
1168
5355
729
7229
3978
2964
2219
2108
4876
2993
1871
3466
7896
6296
8072
7682
1483
5596
31
8818
1842
5859
3562
496
1132
4016
957
8133
6367
3165
9566
2400
3380
2623
6160
3595
7047
2795
8314
4704
3315
9477
3850
3031
6566
4206
4873
5035
4363
5964
3054
4463
6268
7649
9325
9495
7167
6034
6097
9961
2006
4085
1711
3427
9470
86
5273
135
4477
635
8687
7281
5327
5503
2365
2009
530
3930
6925
9142
5922
3769
402
110
5103
6132
5730
3297
6664
6427
1012
6698
8352
2697
9229
3736
2138
9604
7095
4120
9600
4899
9886
5329
4367
7181
940
2146
6959
7486
6636
2104
9171
818
6084
315
5337
1601
8323
3338
4355
1975
3470
8049
9623
1989
8928
2629
6273
8629
9870
926
6834
2805
9542
1022
3883
5073
5743
7921
5191
3584
6337
9178
9790
8908
7526
7533
6613
8913
8398
537
1280
3757
7624
1429
1836
5705
2377
8252
8311
5873
8330
7616
5710
5269
6366
1276
5061
6432
264
5857
8146
770
5638
4292
8259
714
1394
6016
7359
230
9332
9645
3077
3039
1917
9593
2046
9367
3366
9669
6880
7711
8006
1562
4080
3638
1160
6257
1552
2481
8134
878
5611
8994
1986
3577
4990
7914
6857
2295
8513
8100
8283
6064
2192
3326
9359
5468
4386
896
2491
733
1265
3059
7631
2729
4179
7076
3302
5137
4878
2095
4652
8767
7466
4045
9931
2456
8468
5451
2811
4585
9197
9906
3278
8015
1446
7834
6898
8095
7237
2187
145
4345
5935
4407
9398
4611
1720
7831
6004
3630
7297
4726
9281
9427
3011
5917
6520
7039
6679
3861
7725
9451
6163
5629
5467
8239
8379
6783
2464
8622
3120
8109
5575
9069
6461
840
1091
6754
5562
3901
9647
718
6720
8553
7470
3072
2177
717
5148
2223
7665
2073
6630
3234
2285
9144
3480
6852
1146
1165
8674
1605
1171
3852
4962
6847
58
6199
6830
9925
8299
3823
9803
5445
6914
5307
4605
4140
7316
6399
5454
6036
8945
3093
5834
4176
1695
7610
7303
8710
2755
8482
2043
5114
7382
3618
659
8948
5392
7740
3774
2806
5152
7789
3376
2229
2711
4143
2246
7005
3849
2275
6150
5134
4906
1869
1013
5882
4503
9219
2621
9589
1067
1321
3402
3793
9531
7150
7197
9276
3481
8368
1006
7714
2262
6138
7940
8045
799
9465
4898
3159
6464
5749
4633
9767
8964
2247
8711
6240
4316
4777
4444
6172
5118
4185
1739
3831
9582
2698
5561
6946
2969
3524
5480
1269
8436
2872
3928
5082
5037
4321
9462
3124
5318
4829
7284
8438
4960
8704
4833
2595
8077
4399
4109
3658
1216
6767
9337
6212
3494
2224
9152
8498
527
9375
9944
2312
1348
9694
9406
1851
5656
1060
6421
7143
752
4753
5413
7122
5989
8009
1557
6435
4794
4368
9308
3865
8269
4983
3249
9630
7535
5135
4302
7908
8494
8644
3611
4516
2981
6939
7017
6966
2906
6463
1354
2214
223
5485
7404
7595
2063
4685
4580
2493
2040
5828
1136
6867
3327
9607
5616
450
7504
8627
4397
5811
7040
3453
8902
7777
6389
2851
6401
7402
6915
2769
3026
5688
9940
3328
2918
1570
3180
3379
6114
4532
5587
4650
7289
6013
3587
2878
1087
1593
554
8609
5782
6802
9186
9642
8426
4220
9380
9666
2544
833
5709
1194
2826
2630
3660
7339
4370
2190
5492
9111
1389
3066
9182
147
3056
4095
9386
4462
3834
6525
3732
6508
5932
4754
9158
2015
8302
7011
7692
4745
5179
9672
7877
1684
8261
8962
6893
1270
1412
7447
4150
6527
7037
1154
4916
9232
4227
3542
280
8081
6999
7650
1976
6894
7876
4502
5323
9217
3887
4727
7799
4366
6209
3394
1304
8462
4795
5133
3192
2421
1913
6285
2358
9405
7717
8004
7099
5919
4075
3469
7412
8180
2021
5901
1367
1086
2391
5946
2195
725
2720
6351
2160
827
7759
3612
9432
8409
7787
4888
4578
5737
5691
2327
7489
158
6497
8224
3298
9812
1258
386
7701
8029
1372
1463
4046
1187
3565
6007
7244
6889
245
4642
9625
1775
3602
6284
210
4671
3877
927
5893
7722
913
1461
4459
2798
6387
8209
9307
7685
7642
4352
4549
2125
6320
3269
6252
4737
8149
6198
760
5926
4427
5088
5192
6791
9550
3118
4208
9523
1329
274
2103
4091
3857
5276
8638
696
1940
4132
9250
8084
3632
7658
9641
2984
747
5263
8532
8371
1299
3016
2515
6453
1244
3477
8119
3022
4275
22
6278
7460
2394
2307
6530
5502
8819
1793
5176
3353
7108
8440
5918
5460
4566
6539
581
4530
6840
4252
5720
2558
2260
9452
6227
7459
8061
2072
8480
7247
3523
8439
9213
9760
6385
6738
3194
7945
5908
4074
535
5783
8910
1580
2441
9745
3182
1440
3208
3457
7200
8980
6050
355
8949
9047
6368
9746
6980
7319
3015
2141
5317
7080
8452
7513
2525
4613
9252
1650
3668
9552
4432
7713
4879
632
2963
5022
7411
6323
9459
4867
3709
6029
4244
2051
6860
7705
789
8803
1591
8565
299
4428
6102
2987
5694
931
5222
848
9728
2695
2382
5163
4167
5735
6782
1958
9907
6692
2682
449
3370
2423
6555
8281
2561
9490
1546
861
4865
7961
5867
3487
3285
8777
7644
7268
4090
2189
5474
9731
2172
1327
5226
9081
3871
1969
4006
6844
1683
2731
564
9139
2650
2661
1358
8181
1834
7516
2841
1676
5390
8091
9513
7867
1217
2951
8277
2042
6945
9199
8690
6797
9576
6854
8020
3994
5870
9306
6045
8129
1439
9528
1549
337
3811
2385
4129
7405
8976
7302
3878
4493
8977
3964
655
4664
5701
689
2194
3451
3970
4560
8604
4979
6562
1485
5805
9344
1011
1384
6428
8190
1401
7939
8231
1794
9713
9494
5698
2361
9043
2313
3339
1206
3605
3713
5934
7988
5557
9555
2945
5357
4315
5822
2644
1600
3388
7957
2866
2549
5774
3553
3262
7761
2457
8554
9378
1656
4257
2905
2618
452
4248
8145
4598
1982
7298
5449
2633
7546
8456
2581
3916
8989
171
193
6324
1537
2831
6494
9786
5843
2899
5158
6556
4490
39
2739
3862
1573
4498
7001
1406
3969
5568
7659
3141
4806
5180
8541
9565
9206
1462
7932
3528
74
3365
3958
7709
8359
6654
1088
2139
8893
2107
1333
3055
8416
9842
53
7415
5673
4918
7567
7262
2384
3778
3137
4358
5593
7349
4869
3367
961
9964
9373
9904
3864
346
5267
2880
8766
2001
1807
8487
2149
8270
3013
5960
1772
4310
3517
6730
6546
1543
7238
7965
2094
8451
468
149
3551
9534
2845
9651
4686
2827
382
1590
5326
3444
3815
6598
353
5001
7153
7600
9553
6829
9792
6149
6881
7222
4763
857
7937
4868
8337
8598
3998
5425
3362
1273
1191
3753
6769
148
860
3102
7727
640
7611
7092
1298
2868
1819
3997
7976
9858
8537
6952
5605
5619
7748
9970
8810
457
4845
9817
6991
3727
8175
8655
7139
6833
7804
60
9643
5289
3779
4122
6230
3764
6638
2000
6518
4600
6021
9409
3503
2736
2025
5571
4972
3783
7958
9691
8256
7910
9467
620
3122
4212
4680
172
5955
215
3247
3172
6110
1496
1517
6205
2171
1015
244
3795
1763
990
5316
1861
4020
2101
9952
1963
5522
1584
4655
5610
398
3515
7788
1837
7437
5849
3454
3288
9489
8852
7577
5786
2311
8011
4114
7132
2375
6972
3112
5301
6151
3853
263
1284
4526
6841
5907
5806
668
9177
2807
8308
199
1501
8086
7493
8407
6443
6314
8717
7469
6951
8478
8023
6543
8892
8725
2135
9697
3025
8204
1201
2703
7233
1770
7131
566
3133
6168
9394
6932
874
9673
809
5618
9708
7538
1545
1632
7057
9889
7429
7783
2112
8248
8708
7174
3296
6096
5383
260
4672
9183
8150
2306
1300
7556
7149
6869
8082
3106
5240
9988
2062
1479
6572
1062
5646
7343
118
3987
5019
8791
2681
7919
686
9758
5426
5358
5036
8355
3395
7833
5756
5883
634
3692
7345
5430
8260
6645
6723
5034
9737
2916
742
684
4164
9358
3836
7773
6870
1786
9571
3292
2656
4952
3707
8083
3228
5010
4234
9776
5098
5336
9101
9659
4041
4064
854
8543
5292
4036
1278
5462
4096
1949
1035
9597
6224
3307
2938
5266
1805
7905
6507
7331
4387
4260
8500
8671
3721
2829
6967
5306
3914
600
9516
179
3168
7514
9548
137
2290
7827
4062
5738
2877
1102
6737
8784
9802
2777
1388
8654
6373
2345
4068
4290
2309
2707
3421
3564
5086
8637
2333
8357
6369
5040
6560
197
2761
5793
7369
1726
3129
1126
771
5129
3579
4270
7401
1779
8860
626
9994
1448
567
3643
7680
2888
501
3508
6178
2414
3242
9579
16
5595
906
9216
9188
2941
3519
7180
9128
9293
3473
1441
5096
5933
202
1312
5225
3726
8380
2628
9911
7617
4592
2714
1599
4691
7384
6184
6008
8660
728
1437
7052
3387
3973
1242
4736
9809
6884
7308
9376
8703
369
7558
6588
9277
8926
4465
7529
7236
4602
672
5897
5432
3945
4495
3383
1838
9210
72
4785
8668
7582
9855
4715
9162
5314
8680
5815
17
9148
1937
1728
9002
8922
6985
6736
8992
570
4137
9303
5863
2516
2812
6226
5320
8530
8347
6788
6775
608
7741
9070
1559
2814
8074
9288
1619
4856
5879
2008
227
2335
1421
4381
3336
8098
3445
552
7042
2198
6349
9088
3360
1670
2359
0
7364
7362
4171
8662
9703
895
5713
8257
3019
3855
477
4805
938
5614
6122
3452
6143
9478
2510
4296
8518
4517
615
1724
8258
7572
4209
3924
2862
782
7433
4450
5553
8052
4673
5187
7532
3186
9909
5872
4282
2422
1669
5547
8907
3856
7886
3556
6938
9503
2637
8141
4047
9094
1847
9426
9695
7372
6488
61
8069
8778
125
9108
986
705
5851
5902
5017
8151
4976
3038
4496
7735
6585
3763
4243
1139
1339
483
6177
6910
1607
7477
129
3802
4808
8916
582
426
3586
6800
2238
5385
3695
7954
3449
7354
3573
1043
3467
9313
7969
2547
9990
222
9674
9007
9902
4294
1184
4348
167
2823
7159
2612
1645
6648
2999
6963
2004
5754
4361
6032
8222
7280
2484
4253
3904
9085
334
5495
3034
2613
7878
1525
1411
6897
4200
9346
4283
5131
2470
837
6162
1928
4394
2215
8185
4189
1452
7418
41
5802
4013
9789
4546
4733
9016
5237
8420
66
4060
1553
8297
1749
3090
4809
1646
3145
9156
397
9692
9179
9959
7902
6919
3386
5332
9611
5342
7924
6103
6496
2911
9157
2047
2283
9816
661
3012
4048
2440
8361
6917
5771
1950
5304
1110
4147
1526
4148
486
578
5277
587
6158
6885
5542
1594
9064
9340
9735
6680
5997
1597
3706
5952
1615
1185
4710
3775
1063
6009
3879
6478
1696
6028
1225
1083
613
229
6239
5576
6328
665
1291
4412
8360
3680
9634
205
3018
9511
4054
3037
3109
4479
5585
6731
1655
1340
9164
5681
5695
983
5597
5375
6699
4857
7419
3418
9362
2702
653
7752
198
3009
1714
9304
6247
6923
4769
9508
3920
4987
1500
1308
2696
4608
7643
6921
6635
9619
3746
1776
4932
8979
2228
3740
4742
3407
8978
7728
5866
2778
7807
8657
9796
8868
7501
1414
8845
5366
9612
7956
3176
3972
9836
529
2463
491
7151
3382
7
9165
6565
9436
9289
5674
3780
33
7051
716
1811
5588
3955
2934
4838
3755
4425
8650
630
9431
8212
8358
5739
3590
6144
8087
1992
418
8507
9107
4217
4675
4327
4205
9601
3837
8951
1919
6438
9718
7672
7386
1349
2809
679
7194
8317
1741
5969
7028
1762
6741
4919
271
4426
3974
6303
8572
9829
4375
9407
3820
9150
8757
1649
643
9738
2764
6081
7022
7177
